centroid,centroid_name,GSL,Misc,SevierLake,TooleLake,WestDesert
-111.076544_40.789839,centroid_1,28.72,37.42,3.13,0.53,30.2
-111.276811_40.62636,centroid_2,25.15,33.71,3.8,0.64,36.71
-111.282991_40.698113,centroid_3,30.06,29.68,3.77,0.67,35.82
-111.285765_41.776494,centroid_4,35.54,25.29,2.1,3.99,33.09
-111.364916_40.598384,centroid_5,25.52,31.56,4.82,0.68,37.42
-111.366196_40.490448,centroid_6,21.97,29.64,2.47,0.72,45.2
-111.380301_40.881808,centroid_7,32.11,26.3,9.04,0.7,31.85
-111.399741_40.517545,centroid_8,22.31,30.38,3.62,0.68,43.01
-111.402199_40.499864,centroid_9,22.53,27.61,3.15,0.71,45.99
-111.408202_40.477897,centroid_10,21.63,27.78,2.56,0.79,47.24
-111.420382_40.504007,centroid_11,21.87,28.3,3.56,0.77,45.49
-111.420779_40.48159,centroid_12,21.98,28.01,2.85,0.78,46.38
-111.434906_40.409967,centroid_13,20.87,29.34,1.81,0.63,47.35
-111.440744_40.757146,centroid_14,42.24,20.72,6.22,0.69,30.13
-111.442008_40.974532,centroid_15,47.33,20.68,9.89,0.65,21.45
-111.463355_40.506679,centroid_16,22.44,29.02,3.64,0.7,44.19
-111.47918_40.522269,centroid_17,24.26,28.6,4.19,0.76,42.19
-111.491737_40.657076,centroid_18,39.23,22.75,6.08,0.68,31.26
-111.505176_40.677097,centroid_19,41.8,20.86,6.78,0.61,29.95
-111.510946_40.65549,centroid_20,38.53,23.43,6.19,0.69,31.16
-111.510973_40.749146,centroid_21,50.24,17.13,7.06,0.64,24.93
-111.521423_40.710945,centroid_22,45.61,20.23,7.12,0.65,26.38
-111.523984_40.160043,centroid_23,26.07,27.77,1.17,0.85,44.15
-111.555312_40.702311,centroid_24,42.79,22.17,7.15,0.65,27.23
-111.57445_40.155571,centroid_25,29.9,24.54,0.63,0.81,44.13
-111.578766_40.760625,centroid_26,50.7,19.68,7.03,0.59,21.99
-111.579662_40.141332,centroid_27,28.36,24.33,0.52,0.8,46.0
-111.58085_40.12006,centroid_28,26.24,25.69,0.6,0.82,46.65
-111.586724_40.743115,centroid_29,47.88,21.97,7.19,0.6,22.36
-111.589586_40.153301,centroid_30,28.84,23.96,0.6,0.74,45.86
-111.594259_40.169936,centroid_31,29.61,23.6,0.88,0.78,45.13
-111.600062_40.162271,centroid_32,28.57,24.15,0.76,0.75,45.77
-111.602842_40.150459,centroid_33,28.43,24.31,0.65,0.73,45.89
-111.604913_40.177464,centroid_34,28.68,23.76,0.79,0.78,45.98
-111.608735_40.089857,centroid_35,29.8,24.51,0.37,0.76,44.56
-111.61045_40.126741,centroid_36,29.61,23.91,0.44,0.68,45.36
-111.614768_40.171519,centroid_37,28.42,23.76,0.75,0.77,46.3
-111.618345_40.106963,centroid_38,29.34,24.68,0.41,0.75,44.81
-111.623879_40.092185,centroid_39,29.53,24.09,0.37,0.81,45.2
-111.628876_40.159185,centroid_40,28.07,23.53,0.76,0.7,46.93
-111.62903_40.214505,centroid_41,28.3,24.57,1.11,0.79,45.22
-111.629498_40.123103,centroid_42,29.63,24.33,0.58,0.72,44.74
-111.632447_40.106182,centroid_43,30.43,24.42,0.52,0.75,43.89
-111.634914_40.233733,centroid_44,27.26,24.16,1.53,0.78,46.26
-111.635536_40.253363,centroid_45,26.11,24.9,2.57,0.8,45.62
-111.636945_40.2272,centroid_46,28.02,23.48,1.38,0.82,46.3
-111.638428_40.240275,centroid_47,26.24,23.34,1.96,0.79,47.67
-111.638558_40.096336,centroid_48,31.69,23.43,0.37,0.73,43.78
-111.640686_40.258373,centroid_49,25.99,23.63,2.68,0.86,46.84
-111.64194_40.218808,centroid_50,28.15,23.32,1.18,0.78,46.56
-111.646087_40.11793,centroid_51,31.16,22.64,0.74,0.72,44.74
-111.646814_40.276497,centroid_52,25.49,23.45,2.68,0.78,47.6
-111.64752_40.29044,centroid_53,25.16,24.33,2.99,0.82,46.7
-111.64757_40.110315,centroid_54,32.35,22.8,0.66,0.68,43.52
-111.64853_40.2644,centroid_55,26.09,23.26,2.6,0.78,47.26
-111.648661_40.251416,centroid_56,26.51,24.27,2.64,0.78,45.81
-111.649372_40.230038,centroid_57,28.1,22.85,1.58,0.72,46.74
-111.650703_40.240069,centroid_58,27.72,23.24,2.36,0.75,45.94
-111.650786_40.236052,centroid_59,27.71,22.08,1.8,0.76,47.65
-111.650822_40.243418,centroid_60,26.83,23.22,2.48,0.83,46.64
-111.65995_40.25576,centroid_61,27.0,22.89,2.48,0.78,46.85
-111.660551_40.232836,centroid_62,28.32,23.07,2.11,0.75,45.75
-111.66172_40.114122,centroid_63,33.29,22.92,0.87,0.69,42.24
-111.662169_40.242473,centroid_64,28.33,22.92,2.25,0.76,45.74
-111.662305_40.280341,centroid_65,25.6,22.46,2.73,0.78,48.43
-111.662739_40.083359,centroid_66,33.66,23.11,0.38,0.75,42.1
-111.66314_40.048822,centroid_67,33.56,22.61,0.42,0.65,42.75
-111.666038_40.25546,centroid_68,27.89,22.56,2.28,0.77,46.5
-111.667578_40.222519,centroid_69,28.58,23.15,1.87,0.71,45.69
-111.667748_40.104488,centroid_70,33.65,23.17,0.85,0.71,41.62
-111.66852_40.0218,centroid_71,31.23,25.62,0.53,0.62,41.99
-111.669581_40.31791,centroid_72,25.65,23.07,4.02,0.77,46.49
-111.670525_40.229905,centroid_73,28.15,22.61,2.1,0.75,46.38
-111.670583_40.241261,centroid_74,28.09,22.59,2.08,0.83,46.41
-111.672308_40.260179,centroid_75,28.07,22.28,2.56,0.82,46.27
-111.675307_40.307781,centroid_76,26.18,22.88,3.89,0.86,46.18
-111.675375_40.216548,centroid_77,29.37,22.57,1.8,0.75,45.52
-111.67667_40.301024,centroid_78,27.28,21.88,3.69,0.79,46.36
-111.677531_40.272456,centroid_79,27.41,22.6,2.8,0.77,46.42
-111.678764_40.248673,centroid_80,28.46,22.95,2.35,0.7,45.54
-111.679132_40.28629,centroid_81,27.37,23.05,3.26,0.8,45.52
-111.679405_40.239153,centroid_82,27.9,21.96,1.91,0.79,47.42
-111.680296_40.293406,centroid_83,27.55,22.33,3.68,0.82,45.63
-111.680631_41.034586,centroid_84,53.18,16.12,2.03,2.14,26.54
-111.680815_40.04626,centroid_85,32.2,23.98,0.45,0.71,42.66
-111.683992_40.330432,centroid_86,26.66,22.43,4.61,0.77,45.53
-111.688027_40.253105,centroid_87,28.9,21.79,2.46,0.76,46.09
-111.688126_40.26641,centroid_88,27.71,21.74,3.04,0.75,46.76
-111.690637_40.315477,centroid_89,28.15,22.0,4.39,0.8,44.67
-111.690945_40.341445,centroid_90,26.75,21.96,4.88,0.77,45.64
-111.691222_40.229559,centroid_91,29.47,21.84,1.95,0.78,45.95
-111.692342_40.305926,centroid_92,28.9,21.85,4.2,0.81,44.25
-111.692399_40.281249,centroid_93,29.25,21.69,3.69,0.77,44.6
-111.694003_40.137893,centroid_94,35.63,21.95,1.01,0.73,40.68
-111.696181_40.323257,centroid_95,27.67,21.98,4.38,0.74,45.23
-111.699522_40.29005,centroid_96,29.88,21.38,3.87,0.77,44.09
-111.700685_40.237922,centroid_97,30.55,21.48,2.23,0.78,44.96
-111.700895_40.330228,centroid_98,27.2,22.06,4.71,0.75,45.28
-111.703961_40.267811,centroid_99,30.35,20.81,3.29,0.78,44.77
-111.704086_40.278152,centroid_100,30.73,21.78,3.84,0.75,42.9
-111.705269_40.300141,centroid_101,29.38,22.1,4.49,0.81,43.22
-111.707002_40.356894,centroid_102,27.88,21.68,5.22,0.74,44.48
-111.707774_40.249038,centroid_103,32.57,20.8,3.07,0.75,42.81
-111.710463_40.344773,centroid_104,27.31,22.27,5.28,0.76,44.38
-111.712872_40.307984,centroid_105,30.09,21.87,4.85,0.81,42.38
-111.713951_40.325992,centroid_106,29.0,20.97,4.95,0.8,44.28
-111.715583_40.369104,centroid_107,29.67,21.69,5.69,0.77,42.18
-111.716827_40.286662,centroid_108,31.57,21.05,4.41,0.78,42.2
-111.716853_40.038209,centroid_109,30.54,23.88,0.75,0.69,44.15
-111.716874_40.293379,centroid_110,30.35,21.1,4.33,0.75,43.46
-111.718073_40.31855,centroid_111,29.32,21.45,4.76,0.75,43.72
-111.720009_40.301039,centroid_112,30.68,20.51,4.56,0.75,43.49
-111.721079_40.216928,centroid_113,36.63,20.67,2.38,0.82,39.5
-111.722361_40.273057,centroid_114,32.64,20.5,4.13,0.73,42.0
-111.725362_40.356218,centroid_115,28.77,21.25,5.42,0.78,43.78
-111.727036_40.048777,centroid_116,31.5,23.03,0.9,0.63,43.93
-111.728061_40.280467,centroid_117,33.35,20.48,4.37,0.74,41.06
-111.729658_40.367083,centroid_118,29.43,21.26,5.55,0.78,42.97
-111.730211_40.031261,centroid_119,30.85,24.13,1.14,0.64,43.24
-111.733955_40.340267,centroid_120,30.44,20.92,5.49,0.73,42.42
-111.737492_40.300907,centroid_121,31.9,20.06,5.07,0.74,42.23
-111.738181_41.040237,centroid_122,59.56,12.92,1.51,2.15,23.86
-111.740352_40.381469,centroid_123,31.92,20.65,6.02,0.75,40.66
-111.740466_40.017394,centroid_124,27.4,23.27,1.16,0.65,47.53
-111.743288_40.032656,centroid_125,28.84,24.01,1.29,0.7,45.15
-111.744123_40.285687,centroid_126,34.13,19.93,4.87,0.75,40.31
-111.744399_40.593159,centroid_127,38.51,36.52,6.58,0.41,17.97
-111.749055_41.125046,centroid_128,53.33,15.26,0.92,3.22,27.27
-111.75038_40.303888,centroid_129,33.02,19.64,5.23,0.72,41.38
-111.751071_40.360975,centroid_130,32.07,20.92,5.8,0.78,40.43
-111.751631_40.402618,centroid_131,32.95,19.59,6.34,0.75,40.37
-111.755119_40.37103,centroid_132,32.2,20.17,5.99,0.72,40.92
-111.758195_40.383894,centroid_133,33.99,19.7,6.32,0.71,39.29
-111.75884_40.421882,centroid_134,35.46,18.69,6.86,0.71,38.27
-111.760547_40.052672,centroid_135,30.7,21.58,1.27,0.66,45.8
-111.761646_40.399297,centroid_136,35.23,19.18,6.5,0.69,38.4
-111.76706_40.445054,centroid_137,37.03,18.0,6.96,0.74,37.27
-111.767634_40.363462,centroid_138,33.14,19.69,6.62,0.74,39.82
-111.770417_40.46392,centroid_139,37.98,17.54,7.28,0.68,36.52
-111.770737_40.73081,centroid_140,64.88,11.66,4.59,0.8,18.06
-111.773142_39.968359,centroid_141,27.55,22.24,0.85,0.66,48.7
-111.780287_41.669812,centroid_142,34.72,18.67,0.51,2.88,43.22
-111.7804_40.378335,centroid_143,34.18,19.67,7.07,0.72,38.36
-111.784488_40.390123,centroid_144,34.23,18.36,6.9,0.73,39.78
-111.786278_39.970777,centroid_145,27.66,21.89,0.6,0.68,49.16
-111.787217_39.984341,centroid_146,28.28,21.09,0.86,0.58,49.18
-111.789625_40.369928,centroid_147,34.23,19.32,6.96,0.7,38.79
-111.790522_40.421003,centroid_148,39.67,18.03,7.23,0.74,34.32
-111.79156_40.60039,centroid_149,57.66,13.29,8.03,0.65,20.37
-111.792477_40.674211,centroid_150,64.23,11.15,4.94,0.7,18.97
-111.793161_40.447365,centroid_151,41.88,16.69,7.22,0.69,33.52
-111.794628_41.782695,centroid_152,28.15,20.65,0.24,2.35,48.61
-111.79482_41.308173,centroid_153,53.3,15.11,0.42,2.88,28.29
-111.797104_41.75237,centroid_154,29.1,21.49,0.26,1.98,47.17
-111.801658_40.599156,centroid_155,59.25,12.52,7.15,0.64,20.45
-111.804059_40.615886,centroid_156,60.35,12.22,6.69,0.65,20.09
-111.807543_40.385992,centroid_157,35.75,18.24,7.37,0.7,37.94
-111.807684_40.395088,centroid_158,35.89,18.43,7.47,0.73,37.48
-111.809458_40.402597,centroid_159,36.09,18.33,7.38,0.77,37.43
-111.809883_41.746672,centroid_160,30.16,21.04,0.23,1.9,46.67
-111.809951_41.727347,centroid_161,31.97,20.8,0.23,1.87,45.14
-111.81092_40.693486,centroid_162,66.88,9.87,2.8,0.9,19.55
-111.811418_40.681534,centroid_163,66.56,9.67,2.79,0.93,20.05
-111.812698_40.705096,centroid_164,66.81,9.66,2.88,0.94,19.71
-111.812843_40.738205,centroid_165,67.57,9.81,2.84,0.82,18.96
-111.814136_40.668241,centroid_166,65.98,10.26,3.52,0.76,19.48
-111.815852_40.425107,centroid_167,41.95,16.73,7.42,0.69,33.21
-111.815956_41.688693,centroid_168,32.22,20.67,0.28,2.03,44.8
-111.817619_40.414016,centroid_169,39.79,17.86,7.78,0.7,33.87
-111.818116_41.792341,centroid_170,27.89,22.45,0.28,2.06,47.32
-111.818358_40.725601,centroid_171,67.78,9.52,2.45,0.85,19.4
-111.818717_40.457745,centroid_172,48.7,14.44,7.47,0.61,28.79
-111.818751_41.747656,centroid_173,30.24,21.7,0.24,2.03,45.79
-111.818861_40.583571,centroid_174,59.54,12.48,5.86,0.69,21.43
-111.819036_40.550046,centroid_175,54.74,13.7,7.24,0.73,23.59
-111.81914_40.389094,centroid_176,36.76,17.77,7.7,0.67,37.1
-111.819413_40.628684,centroid_177,62.83,11.47,5.22,0.73,19.75
-111.819544_41.833667,centroid_178,26.47,22.04,0.21,1.86,49.43
-111.820542_41.753457,centroid_179,30.51,21.31,0.26,1.98,45.93
-111.820548_41.709977,centroid_180,32.19,20.17,0.25,1.83,45.54
-111.821178_40.598865,centroid_181,61.11,12.15,5.32,0.77,20.64
-111.821453_41.940066,centroid_182,23.49,22.81,0.15,1.89,51.66
-111.822335_41.768353,centroid_183,28.56,21.17,0.2,1.84,48.24
-111.822358_40.647882,centroid_184,64.62,10.91,4.18,0.77,19.52
-111.822423_40.608806,centroid_185,61.46,11.82,4.98,0.81,20.93
-111.822675_41.731046,centroid_186,30.84,20.85,0.26,1.97,46.09
-111.822761_40.72054,centroid_187,68.36,9.65,2.34,0.86,18.79
-111.82303_40.590995,centroid_188,60.82,11.55,5.17,0.76,21.7
-111.824953_41.739378,centroid_189,31.11,21.76,0.23,1.93,44.98
-111.824977_40.368113,centroid_190,38.51,17.6,7.52,0.66,35.7
-111.825164_40.574221,centroid_191,59.9,12.2,5.32,0.71,21.87
-111.825315_40.618717,centroid_192,62.45,11.36,4.54,0.76,20.89
-111.827578_40.565723,centroid_193,58.55,12.2,5.54,0.71,23.0
-111.83104_41.630386,centroid_194,33.77,21.21,0.23,2.14,42.65
-111.831768_40.76318,centroid_195,69.19,9.67,2.78,0.7,17.65
-111.831813_40.693661,centroid_196,67.37,9.28,2.19,0.79,20.36
-111.832737_40.737207,centroid_197,68.45,9.43,2.27,0.81,19.04
-111.833836_40.729518,centroid_198,68.77,9.3,2.19,0.78,18.97
-111.834129_40.680721,centroid_199,67.81,9.45,2.26,0.81,19.68
-111.834551_40.405548,centroid_200,39.13,17.68,8.18,0.7,34.32
-111.834821_41.571693,centroid_201,34.77,21.29,0.4,2.5,41.03
-111.834867_40.534818,centroid_202,54.37,13.37,7.3,0.67,24.28
-111.835416_40.668251,centroid_203,66.36,9.47,2.31,0.78,21.08
-111.836125_40.745913,centroid_204,68.84,9.49,2.56,0.69,18.43
-111.83622_40.705081,centroid_205,68.14,9.02,2.04,0.75,20.05
-111.836308_40.752159,centroid_206,68.73,9.45,2.54,0.74,18.54
-111.840653_40.425278,centroid_207,45.25,15.47,8.07,0.63,30.58
-111.841414_40.598136,centroid_208,61.74,10.95,3.61,0.79,22.91
-111.84258_41.724841,centroid_209,31.59,20.77,0.21,1.88,45.56
-111.842757_41.742672,centroid_210,29.26,21.25,0.19,1.81,47.48
-111.842942_41.839116,centroid_211,26.94,21.82,0.18,1.82,49.24
-111.843074_40.502221,centroid_212,51.5,15.1,8.93,0.59,23.88
-111.843206_41.758231,centroid_213,29.2,21.1,0.16,1.88,47.66
-111.84356_40.547135,centroid_214,58.98,11.64,4.91,0.79,23.68
-111.8435_40.66169,centroid_215,67.15,9.57,2.22,0.78,20.29
-111.844289_40.587869,centroid_216,61.89,11.28,3.89,0.79,22.14
-111.844394_40.620095,centroid_217,64.61,10.39,3.27,0.76,20.97
-111.844503_40.64516,centroid_218,65.25,9.87,2.66,0.83,21.38
-111.844773_40.571257,centroid_219,60.58,11.41,4.35,0.77,22.89
-111.845813_40.635795,centroid_220,65.26,10.11,2.89,0.82,20.92
-111.846344_39.973192,centroid_221,23.37,21.43,1.57,0.67,52.96
-111.847221_40.715345,centroid_222,68.68,9.04,1.88,0.81,19.59
-111.847278_40.874379,centroid_223,72.72,8.43,1.5,1.13,16.23
-111.847386_40.628148,centroid_224,64.49,10.29,2.91,0.79,21.54
-111.847776_40.729553,centroid_225,69.44,9.1,2.0,0.79,18.67
-111.847802_40.608397,centroid_226,63.15,10.54,3.3,0.77,22.24
-111.847845_40.746043,centroid_227,68.94,9.09,1.97,0.77,19.23
-111.848384_40.73777,centroid_228,68.71,9.04,1.91,0.74,19.59
-111.848461_40.692693,centroid_229,68.44,9.18,1.94,0.79,19.65
-111.848521_40.654587,centroid_230,66.34,9.76,2.51,0.76,20.63
-111.849339_40.679694,centroid_231,67.17,9.26,2.01,0.8,20.76
-111.850591_40.407356,centroid_232,42.49,16.62,8.52,0.69,31.69
-111.851178_40.385298,centroid_233,41.56,16.53,8.22,0.68,33.01
-111.852251_40.722852,centroid_234,69.21,9.07,1.78,0.79,19.14
-111.852338_41.678225,centroid_235,33.62,20.43,0.19,1.95,43.81
-111.852681_40.709441,centroid_236,68.74,8.91,1.83,0.79,19.72
-111.852811_41.296207,centroid_237,54.23,13.85,0.37,2.68,28.87
-111.854272_41.721677,centroid_238,31.02,20.41,0.22,1.83,46.53
-111.857382_40.764701,centroid_239,69.85,9.0,1.9,0.83,18.43
-111.857441_40.756731,centroid_240,69.8,8.92,1.86,0.81,18.62
-111.857552_40.781281,centroid_241,70.57,9.19,1.91,0.87,17.45
-111.858454_40.399603,centroid_242,42.83,16.24,8.42,0.65,31.86
-111.858486_40.371842,centroid_243,44.11,15.07,8.16,0.65,32.01
-111.858701_40.423438,centroid_244,47.96,14.8,8.89,0.63,27.71
-111.859304_40.657416,centroid_245,66.31,9.33,2.16,0.81,21.39
-111.859405_40.641452,centroid_246,65.35,9.88,2.6,0.79,21.38
-111.861182_40.536773,centroid_247,58.72,11.51,4.64,0.84,24.29
-111.861626_40.572519,centroid_248,62.39,10.83,3.53,0.85,22.4
-111.861722_40.729313,centroid_249,69.56,8.81,1.74,0.79,19.1
-111.86177_40.877164,centroid_250,73.59,8.44,1.33,1.34,15.3
-111.86226_40.737444,centroid_251,70.24,8.8,1.66,0.8,18.5
-111.862514_40.669789,centroid_252,67.63,9.28,1.87,0.85,20.37
-111.862619_40.602573,centroid_253,63.85,10.33,3.12,0.86,21.84
-111.862851_40.865278,centroid_254,73.15,8.23,1.2,1.3,16.12
-111.862856_40.745607,centroid_255,70.49,8.68,1.67,0.83,18.33
-111.86297_40.551209,centroid_256,60.48,11.3,4.08,0.84,23.3
-111.863208_40.77244,centroid_257,70.02,9.04,2.01,0.84,18.08
-111.863557_40.681382,centroid_258,68.1,8.9,1.89,0.86,20.24
-111.863717_40.692769,centroid_259,68.4,8.89,1.77,0.78,20.17
-111.863983_40.894304,centroid_260,71.07,9.12,1.32,1.5,16.99
-111.864303_40.704178,centroid_261,68.44,8.84,1.69,0.81,20.22
-111.864406_40.588712,centroid_262,63.12,10.68,3.36,0.82,22.02
-111.864857_40.615566,centroid_263,63.72,10.42,2.92,0.87,22.07
-111.865394_40.492158,centroid_264,52.56,13.67,9.1,0.55,24.13
-111.865449_40.625868,centroid_265,64.37,10.03,2.79,0.9,21.91
-111.866206_41.635103,centroid_266,33.55,19.95,0.14,2.0,44.36
-111.866862_40.755854,centroid_267,70.71,8.66,1.76,0.77,18.1
-111.866996_40.765141,centroid_268,70.19,8.71,1.72,0.8,18.58
-111.868916_40.915806,centroid_269,70.3,9.52,1.27,1.64,17.27
-111.870361_40.504081,centroid_270,53.64,13.69,8.33,0.73,23.61
-111.871449_40.717463,centroid_271,69.56,8.71,1.58,0.75,19.41
-111.872719_40.562795,centroid_272,60.55,10.97,3.44,0.89,24.16
-111.873091_40.426072,centroid_273,48.87,14.36,9.12,0.67,26.98
-111.873714_40.779573,centroid_274,71.77,8.46,1.62,0.88,17.27
-111.874022_40.655416,centroid_275,67.58,9.57,1.89,0.91,20.04
-111.874406_40.676796,centroid_276,67.87,8.96,1.78,0.84,20.56
-111.875063_40.37769,centroid_277,48.32,14.14,8.38,0.62,28.54
-111.875311_40.772914,centroid_278,72.03,8.15,1.58,0.85,17.39
-111.875367_40.636096,centroid_279,64.81,10.0,2.42,0.79,21.99
-111.875672_40.513778,centroid_280,56.99,12.26,6.6,0.76,23.39
-111.875781_40.754422,centroid_281,70.33,8.63,1.51,0.8,18.73
-111.875818_40.764404,centroid_282,72.07,8.17,1.6,0.83,17.33
-111.876157_41.714552,centroid_283,31.12,20.13,0.15,1.76,46.84
-111.877445_40.669124,centroid_284,67.96,9.1,1.82,0.89,20.24
-111.877468_40.70068,centroid_285,69.03,8.76,1.63,0.79,19.78
-111.879471_40.73788,centroid_286,70.67,8.47,1.72,0.77,18.37
-111.87952_40.575392,centroid_287,61.48,10.8,3.2,0.87,23.65
-111.879796_40.729599,centroid_288,71.14,8.45,1.54,0.75,18.13
-111.880198_40.625922,centroid_289,65.33,10.12,2.63,0.81,21.1
-111.880264_40.947095,centroid_290,65.74,10.29,1.0,2.09,20.89
-111.880271_40.536113,centroid_291,58.95,11.38,4.3,0.91,24.46
-111.880354_40.649455,centroid_292,65.38,9.5,2.06,0.89,22.18
-111.880422_40.58988,centroid_293,62.86,10.49,3.08,0.92,22.66
-111.880898_40.614977,centroid_294,63.78,9.97,2.9,0.93,22.42
-111.881104_40.917952,centroid_295,68.58,9.73,1.12,1.61,18.96
-111.881334_40.682113,centroid_296,69.06,8.88,1.82,0.8,19.44
-111.881354_40.549923,centroid_297,59.89,11.06,3.55,0.9,24.6
-111.881768_40.480941,centroid_298,53.15,13.51,9.29,0.63,23.41
-111.881785_40.444442,centroid_299,52.34,13.7,9.41,0.63,23.92
-111.88196_40.764527,centroid_300,70.28,8.31,1.4,0.82,19.18
-111.882175_40.745419,centroid_301,70.68,8.34,1.51,0.77,18.71
-111.882194_40.395414,centroid_302,49.16,14.2,8.71,0.66,27.27
-111.882269_40.694385,centroid_303,68.99,8.74,1.71,0.79,19.76
-111.882317_40.900031,centroid_304,70.0,9.14,1.14,1.3,18.41
-111.88253_40.715604,centroid_305,68.9,8.67,1.63,0.83,19.98
-111.882661_40.889559,centroid_306,71.52,8.64,1.06,1.17,17.6
-111.882759_40.754432,centroid_307,70.73,8.41,1.44,0.8,18.63
-111.882872_40.847279,centroid_308,74.53,7.89,1.12,1.18,15.28
-111.883523_40.60328,centroid_309,63.21,10.51,2.85,0.89,22.54
-111.883623_40.293274,centroid_310,49.12,13.61,7.52,0.65,29.1
-111.883824_40.876949,centroid_311,73.91,7.88,1.01,1.11,16.09
-111.883872_40.77208,centroid_312,71.95,8.12,1.49,0.79,17.66
-111.884464_40.976161,centroid_313,67.17,9.5,0.7,2.33,20.3
-111.884545_40.862897,centroid_314,74.96,7.51,1.01,1.11,15.4
-111.885089_40.792854,centroid_315,74.32,7.77,1.38,0.87,15.66
-111.886449_40.511462,centroid_316,56.77,12.38,6.76,0.73,23.36
-111.891352_40.929521,centroid_317,65.03,10.19,0.87,1.71,22.21
-111.892787_40.773742,centroid_318,72.2,8.21,1.38,0.81,17.4
-111.893005_40.414866,centroid_319,49.18,14.23,9.94,0.59,26.05
-111.893719_40.689976,centroid_320,69.02,8.95,1.77,0.8,19.46
-111.894162_40.67293,centroid_321,68.01,9.2,1.66,0.84,20.3
-111.894345_40.63967,centroid_322,65.63,9.8,1.95,0.95,21.68
-111.894446_40.759154,centroid_323,72.27,7.97,1.42,0.75,17.59
-111.894572_40.738365,centroid_324,71.71,8.18,1.46,0.73,17.92
-111.895844_40.780716,centroid_325,73.65,7.98,1.27,0.76,16.34
-111.895943_40.618485,centroid_326,63.95,10.21,2.53,0.87,22.44
-111.896706_40.598219,centroid_327,62.82,10.26,2.84,0.93,23.15
-111.897019_40.835373,centroid_328,76.16,7.12,0.9,0.98,14.85
-111.898457_40.431784,centroid_329,50.92,13.87,9.76,0.68,24.77
-111.898477_41.004626,centroid_330,64.41,10.34,0.46,2.45,22.34
-111.898566_40.848982,centroid_331,76.97,6.58,0.8,0.81,14.84
-111.898917_40.712146,centroid_332,70.33,8.38,1.54,0.78,18.97
-111.900611_40.763008,centroid_333,73.15,8.0,1.32,0.75,16.78
-111.901059_40.577081,centroid_334,62.12,10.86,2.92,0.98,23.13
-111.901096_40.381123,centroid_335,49.25,13.83,9.26,0.59,27.07
-111.90145_40.313771,centroid_336,49.91,13.0,8.0,0.65,28.43
-111.903059_40.494693,centroid_337,55.66,12.59,6.81,0.69,24.25
-111.903409_40.874213,centroid_338,75.46,7.08,0.81,0.88,15.77
-111.90514_41.046788,centroid_339,63.47,10.87,0.44,2.59,22.62
-111.905287_40.777647,centroid_340,73.8,7.47,1.2,0.77,16.76
-111.905345_40.512322,centroid_341,56.66,11.85,5.9,0.81,24.79
-111.90667_40.768582,centroid_342,73.99,7.45,1.27,0.7,16.59
-111.908197_40.548717,centroid_343,59.58,11.08,2.97,1.02,25.35
-111.909774_40.60506,centroid_344,63.47,10.55,2.66,0.88,22.44
-111.91017_40.344548,centroid_345,47.35,13.69,9.15,0.68,29.14
-111.910584_40.640952,centroid_346,65.88,9.88,1.9,1.02,21.32
-111.911927_40.404989,centroid_347,49.24,14.0,9.78,0.61,26.37
-111.912153_40.657018,centroid_348,66.4,9.51,1.9,0.98,21.21
-111.913802_40.69076,centroid_349,69.45,8.81,1.61,0.75,19.38
-111.91454_40.617895,centroid_350,63.65,10.32,2.4,0.9,22.72
-111.917798_40.669424,centroid_351,68.13,9.08,1.67,0.89,20.22
-111.917933_40.759681,centroid_352,72.74,7.57,1.25,0.75,17.69
-111.918759_40.997252,centroid_353,59.69,11.13,0.39,2.4,26.39
-111.919045_40.377528,centroid_354,48.43,13.85,9.51,0.56,27.65
-111.919316_40.979235,centroid_355,61.84,10.08,0.38,1.96,25.74
-111.919332_40.871186,centroid_356,77.65,6.37,0.6,0.81,14.58
-111.919482_41.118309,centroid_357,60.7,10.86,0.38,1.87,26.19
-111.921111_40.678954,centroid_358,68.13,9.01,1.7,0.81,20.35
-111.921231_40.88004,centroid_359,76.74,6.45,0.53,0.95,15.33
-111.922588_40.558313,centroid_360,60.5,11.19,2.85,1.04,24.42
-111.92275_40.786583,centroid_361,75.11,7.24,0.91,0.83,15.91
-111.923191_40.47861,centroid_362,55.36,12.69,6.59,0.86,24.5
-111.924105_40.777249,centroid_363,75.26,7.25,0.97,0.84,15.68
-111.924804_40.335698,centroid_364,45.41,14.11,9.37,0.66,30.46
-111.925071_41.155453,centroid_365,61.63,11.14,0.42,2.49,24.32
-111.925578_40.604733,centroid_366,63.75,10.59,2.45,0.89,22.32
-111.925846_41.030577,centroid_367,59.33,11.09,0.47,2.42,26.69
-111.926215_40.744741,centroid_368,71.53,8.12,1.27,0.71,18.37
-111.926241_40.851811,centroid_369,78.47,6.11,0.49,0.7,14.22
-111.927711_40.736088,centroid_370,71.0,8.58,1.41,0.67,18.34
-111.928688_40.399346,centroid_371,48.7,13.85,10.0,0.61,26.83
-111.928991_40.65544,centroid_372,66.63,9.42,1.82,0.94,21.19
-111.929727_41.081537,centroid_373,61.9,10.69,0.34,2.02,25.05
-111.929731_40.530127,centroid_374,58.88,11.34,3.44,1.07,25.28
-111.930032_41.01509,centroid_375,58.64,11.14,0.44,2.09,27.69
-111.930398_40.690919,centroid_376,68.8,8.64,1.56,0.75,20.25
-111.930969_40.511697,centroid_377,57.08,11.97,4.85,1.06,25.03
-111.931051_40.754179,centroid_378,72.38,7.93,1.17,0.8,17.73
-111.931138_41.046136,centroid_379,58.05,11.31,0.56,2.43,27.66
-111.93148_41.096188,centroid_380,62.74,10.75,0.46,1.89,24.16
-111.932342_40.761639,centroid_381,73.15,7.5,0.98,0.84,17.53
-111.93295_40.799939,centroid_382,76.45,6.63,0.79,0.85,15.27
-111.933313_40.675933,centroid_383,68.66,9.15,1.7,0.78,19.71
-111.934071_40.623527,centroid_384,64.9,10.25,2.0,1.0,21.85
-111.934084_40.592789,centroid_385,62.69,10.26,2.35,1.01,23.68
-111.934301_40.711598,centroid_386,70.27,8.57,1.43,0.65,19.08
-111.9393_41.227183,centroid_387,57.87,11.45,0.32,2.34,28.02
-111.939733_40.792705,centroid_388,75.81,6.87,0.74,0.81,15.77
-111.940056_40.641576,centroid_389,66.4,9.63,1.76,1.07,21.14
-111.940642_41.173851,centroid_390,59.26,11.37,0.4,2.11,26.86
-111.940766_41.217122,centroid_391,58.91,11.39,0.37,2.24,27.09
-111.941215_41.083909,centroid_392,62.15,10.94,0.37,1.81,24.73
-111.941272_41.056129,centroid_393,58.57,11.41,0.41,2.06,27.55
-111.941333_41.199064,centroid_394,60.87,11.26,0.41,2.27,25.19
-111.942532_41.247578,centroid_395,57.71,11.72,0.36,2.5,27.71
-111.942826_40.571728,centroid_396,61.84,10.97,2.56,1.19,23.44
-111.94356_40.777338,centroid_397,74.14,7.43,0.85,0.83,16.75
-111.943652_40.55176,centroid_398,60.77,10.88,2.62,1.16,24.56
-111.943836_40.686598,centroid_399,69.22,8.81,1.46,0.71,19.8
-111.9439_40.621723,centroid_400,64.85,9.84,2.0,1.01,22.29
-111.944043_40.590137,centroid_401,61.91,10.48,2.13,1.03,24.45
-111.944538_41.122226,centroid_402,62.26,10.97,0.33,1.83,24.61
-111.944691_40.706825,centroid_403,69.98,8.24,1.41,0.65,19.72
-111.94496_41.068263,centroid_404,60.48,11.31,0.37,2.01,25.83
-111.945068_40.79562,centroid_405,75.91,6.81,0.66,0.85,15.77
-111.946263_40.656115,centroid_406,67.19,9.62,1.7,0.9,20.59
-111.947187_40.692683,centroid_407,69.7,8.72,1.4,0.69,19.49
-111.947479_40.675709,centroid_408,69.1,8.93,1.53,0.79,19.66
-111.94759_41.019595,centroid_409,61.29,10.54,0.33,1.95,25.88
-111.948048_40.530825,centroid_410,59.59,11.41,2.86,1.21,24.94
-111.948176_40.512455,centroid_411,57.37,12.2,4.28,1.05,25.1
-111.948691_41.661653,centroid_412,30.75,19.54,0.18,1.86,47.66
-111.948758_41.154417,centroid_413,60.3,11.22,0.38,1.86,26.25
-111.94913_41.310725,centroid_414,55.73,12.08,0.28,2.5,29.41
-111.949585_41.260822,centroid_415,57.55,11.78,0.3,2.49,27.89
-111.953392_41.225632,centroid_416,59.78,10.79,0.3,2.06,27.07
-111.953453_41.197429,centroid_417,60.96,11.04,0.3,1.97,25.74
-111.953459_41.855698,centroid_418,20.75,22.32,0.1,1.57,55.26
-111.954802_41.318583,centroid_419,54.3,12.06,0.31,2.57,30.76
-111.956877_41.296637,centroid_420,56.06,11.87,0.32,2.49,29.25
-111.957299_40.616163,centroid_421,65.2,9.86,1.83,1.07,22.03
-111.957363_41.211189,centroid_422,60.15,10.94,0.27,1.91,26.73
-111.957765_40.632023,centroid_423,66.81,9.68,1.8,1.11,20.6
-111.95837_41.242293,centroid_424,58.53,11.63,0.35,2.2,27.29
-111.95845_40.60327,centroid_425,64.26,10.15,2.01,0.96,22.61
-111.958641_41.2164,centroid_426,60.46,11.34,0.29,2.02,25.9
-111.959008_41.176728,centroid_427,60.97,10.94,0.31,1.72,26.06
-111.959194_41.282302,centroid_428,56.73,11.83,0.4,2.43,28.61
-111.959583_40.660737,centroid_429,68.57,8.85,1.6,0.87,20.1
-111.960089_40.355034,centroid_430,37.3,16.5,10.8,0.74,34.67
-111.96022_40.690792,centroid_431,70.13,8.64,1.47,0.69,19.07
-111.960315_40.372252,centroid_432,38.31,16.8,11.53,0.65,32.71
-111.960869_40.488003,centroid_433,56.41,12.5,4.8,0.86,25.44
-111.961602_41.272077,centroid_434,56.64,12.01,0.36,2.5,28.49
-111.961721_40.675876,centroid_435,68.89,8.95,1.48,0.77,19.9
-111.962521_40.645717,centroid_436,67.24,9.06,1.62,0.96,21.12
-111.962649_40.588946,centroid_437,64.12,10.34,2.05,1.11,22.38
-111.963274_41.204051,centroid_438,59.9,10.93,0.3,1.77,27.1
-111.964209_41.226269,centroid_439,59.47,10.99,0.3,1.9,27.34
-111.964559_40.700084,centroid_440,71.02,8.19,1.35,0.67,18.77
-111.965115_41.2587,centroid_441,56.79,12.08,0.33,2.28,28.52
-111.965807_40.551035,centroid_442,61.52,10.87,2.28,1.31,24.02
-111.965989_40.708888,centroid_443,71.33,8.17,1.18,0.65,18.66
-111.96665_41.024307,centroid_444,65.06,9.66,0.3,1.66,23.32
-111.968218_41.193171,centroid_445,60.88,10.55,0.36,1.7,26.51
-111.968334_41.095162,centroid_446,61.62,10.81,0.42,1.78,25.37
-111.968683_41.082159,centroid_447,61.45,10.8,0.4,1.81,25.55
-111.9686_41.063783,centroid_448,61.44,10.95,0.3,1.77,25.55
-111.968726_40.772193,centroid_449,74.04,7.24,0.62,0.87,17.24
-111.969202_40.510658,centroid_450,58.4,11.91,3.74,0.98,24.97
-111.969521_40.688171,centroid_451,70.55,8.49,1.31,0.69,18.96
-111.971081_40.572403,centroid_452,63.55,10.54,2.1,1.28,22.53
-111.972082_40.616407,centroid_453,65.97,9.71,1.76,1.14,21.42
-111.972178_40.675112,centroid_454,70.09,8.83,1.39,0.82,18.88
-111.973179_41.226044,centroid_455,58.8,11.13,0.27,1.98,27.81
-111.973573_40.604184,centroid_456,65.32,10.03,1.91,1.05,21.68
-111.974005_40.531144,centroid_457,61.21,10.85,2.27,1.22,24.45
-111.974155_41.212538,centroid_458,59.37,10.86,0.27,1.73,27.76
-111.97438_41.203082,centroid_459,58.65,11.17,0.33,1.73,28.11
-111.975047_41.239805,centroid_460,56.94,11.18,0.21,1.97,29.7
-111.975796_40.631238,centroid_461,67.66,9.32,1.72,1.14,20.15
-111.975978_40.544886,centroid_462,62.53,10.88,2.15,1.3,23.14
-111.976022_40.660124,centroid_463,68.69,8.74,1.48,0.86,20.23
-111.977644_40.646834,centroid_464,68.89,9.1,1.51,0.96,19.55
-111.978806_41.179923,centroid_465,62.58,10.58,0.24,1.64,24.97
-111.979543_41.258746,centroid_466,56.75,11.47,0.25,2.18,29.36
-111.980286_41.169234,centroid_467,63.12,10.39,0.3,1.52,24.68
-111.980431_41.284824,centroid_468,56.36,12.08,0.32,2.39,28.84
-111.981298_41.04229,centroid_469,66.02,9.68,0.28,1.6,22.43
-111.981719_41.099645,centroid_470,63.79,10.75,0.35,1.71,23.39
-111.982206_40.688298,centroid_471,71.64,8.08,1.26,0.69,18.33
-111.982771_40.674941,centroid_472,71.03,8.6,1.27,0.89,18.21
-111.983151_41.326667,centroid_473,55.08,12.14,0.31,2.46,30.01
-111.983191_40.357191,centroid_474,33.13,18.02,11.64,0.86,36.35
-111.984192_40.558121,centroid_475,63.09,10.61,2.13,1.33,22.85
-111.985378_41.114437,centroid_476,62.91,10.34,0.33,1.72,24.71
-111.985541_40.628845,centroid_477,67.82,9.31,1.56,1.17,20.15
-111.98624_41.299845,centroid_478,55.13,11.6,0.28,2.38,30.62
-111.987143_41.054503,centroid_479,65.4,9.4,0.28,1.67,23.25
-111.987762_40.584366,centroid_480,65.01,9.73,1.86,1.2,22.2
-111.988183_40.486484,centroid_481,56.88,12.45,3.23,1.17,26.27
-111.989418_41.940102,centroid_482,18.47,22.27,0.13,1.54,57.59
-111.989566_41.095744,centroid_483,65.39,9.83,0.25,1.6,22.93
-111.989971_41.260981,centroid_484,56.36,11.63,0.22,2.24,29.55
-111.990743_40.700582,centroid_485,72.1,7.97,1.01,0.63,18.28
-111.992476_40.643452,centroid_486,69.86,8.84,1.32,0.97,19.0
-111.993479_40.59462,centroid_487,65.47,9.74,1.78,1.19,21.82
-111.993725_40.363105,centroid_488,32.31,18.08,10.93,0.94,37.75
-111.99379_41.081887,centroid_489,65.55,9.77,0.29,1.62,22.78
-111.994723_40.660784,centroid_490,70.66,8.52,1.18,0.93,18.71
-111.995243_40.572848,centroid_491,65.21,9.9,1.86,1.31,21.73
-111.995718_40.674288,centroid_492,70.62,8.3,1.1,0.87,19.1
-111.995826_40.616686,centroid_493,67.71,9.48,1.54,1.18,20.09
-111.996017_40.556347,centroid_494,64.21,10.29,2.1,1.34,22.06
-111.996204_40.688709,centroid_495,71.58,8.04,1.07,0.72,18.59
-111.99729_40.64703,centroid_496,70.19,8.72,1.28,1.02,18.79
-111.997813_41.188851,centroid_497,61.69,10.78,0.28,1.75,25.5
-111.998657_41.219744,centroid_498,57.77,11.43,0.23,1.83,28.75
-112.000428_41.31434,centroid_499,54.96,11.73,0.18,2.39,30.75
-112.000709_40.529665,centroid_500,61.28,10.67,2.2,1.31,24.54
-112.001492_40.541008,centroid_501,62.6,10.51,2.08,1.36,23.45
-112.001644_41.10941,centroid_502,67.6,9.37,0.34,1.56,21.13
-112.003382_41.521646,centroid_503,43.28,15.31,0.15,1.67,39.59
-112.003874_40.617978,centroid_504,68.29,9.41,1.56,1.23,19.51
-112.00425_40.70772,centroid_505,73.2,7.67,0.85,0.71,17.57
-112.004627_41.172579,centroid_506,64.59,10.66,0.21,1.6,22.93
-112.007187_40.662033,centroid_507,70.83,8.3,1.19,0.98,18.7
-112.007791_40.31239,centroid_508,30.04,18.13,11.98,0.87,38.98
-112.008483_41.516544,centroid_509,45.49,14.85,0.13,1.85,37.68
-112.008946_41.267921,centroid_510,54.91,11.79,0.26,2.1,30.93
-112.00913_40.645508,centroid_511,69.8,9.01,1.24,1.06,18.89
-112.009192_41.497793,centroid_512,44.61,15.19,0.16,1.92,38.12
-112.009729_40.483189,centroid_513,57.79,12.44,2.7,1.25,25.82
-112.010258_41.097492,centroid_514,67.49,9.5,0.22,1.52,21.27
-112.011518_40.558685,centroid_515,63.84,10.48,1.88,1.46,22.35
-112.011919_40.30206,centroid_516,29.65,18.36,11.72,0.88,39.4
-112.012235_40.493281,centroid_517,58.14,12.44,2.51,1.32,25.6
-112.012244_40.616436,centroid_518,68.67,9.29,1.41,1.33,19.3
-112.012293_40.678312,centroid_519,71.56,8.13,1.08,0.91,18.32
-112.013095_40.593192,centroid_520,66.86,9.93,1.71,1.38,20.11
-112.013694_41.081241,centroid_521,67.85,8.96,0.23,1.5,21.46
-112.013799_40.502771,centroid_522,59.42,11.9,2.48,1.14,25.05
-112.013847_40.514439,centroid_523,60.2,11.34,2.16,1.58,24.73
-112.013886_40.700084,centroid_524,72.37,7.78,0.9,0.75,18.21
-112.013913_40.68891,centroid_525,71.24,8.02,1.0,0.78,18.96
-112.015179_41.41467,centroid_526,53.2,11.78,0.19,2.24,32.59
-112.015221_40.634595,centroid_527,69.04,8.91,1.28,1.26,19.51
-112.015384_40.672285,centroid_528,72.12,8.12,0.95,0.93,17.88
-112.015703_40.627586,centroid_529,68.95,9.16,1.35,1.33,19.21
-112.016916_41.112229,centroid_530,67.98,9.31,0.31,1.46,20.93
-112.01748_40.360281,centroid_531,31.78,19.07,9.93,1.13,38.08
-112.017792_40.658171,centroid_532,70.39,8.41,1.07,1.0,19.13
-112.019615_40.603192,centroid_533,67.57,9.59,1.44,1.45,19.95
-112.019787_40.646025,centroid_534,69.58,8.48,1.16,1.06,19.72
-112.020384_41.076257,centroid_535,69.66,8.64,0.21,1.39,20.1
-112.023359_40.527993,centroid_536,60.48,11.38,2.02,1.48,24.64
-112.023602_41.521734,centroid_537,44.9,14.39,0.13,1.94,38.64
-112.024698_41.495513,centroid_538,44.85,14.71,0.13,2.03,38.29
-112.028804_40.565908,centroid_539,64.42,10.78,1.8,1.55,21.45
-112.030471_41.18391,centroid_540,64.26,10.58,0.29,1.59,23.28
-112.030958_41.081032,centroid_541,70.55,8.57,0.25,1.36,19.26
-112.031147_41.466594,centroid_542,51.11,13.02,0.2,1.98,33.7
-112.031495_41.140322,centroid_543,66.84,9.33,0.21,1.5,22.12
-112.032504_40.501352,centroid_544,58.46,12.16,2.34,1.31,25.74
-112.032898_40.64508,centroid_545,70.48,8.95,1.12,1.22,18.24
-112.033318_41.169763,centroid_546,65.72,10.07,0.23,1.49,22.48
-112.033448_41.093148,centroid_547,69.66,8.58,0.23,1.32,20.21
-112.034503_41.118399,centroid_548,69.5,8.8,0.2,1.44,20.06
-112.034807_40.628157,centroid_549,69.49,9.08,1.17,1.51,18.76
-112.035582_40.667654,centroid_550,70.95,8.59,1.02,1.03,18.4
-112.036508_40.68917,centroid_551,72.45,8.07,1.0,1.0,17.48
-112.037258_40.678028,centroid_552,71.73,8.35,1.0,0.99,17.93
-112.037353_41.072467,centroid_553,71.7,8.11,0.22,1.26,18.7
-112.038548_40.634744,centroid_554,69.25,8.96,1.07,1.58,19.14
-112.041071_41.31379,centroid_555,55.24,11.73,0.18,2.19,30.66
-112.043027_41.190524,centroid_556,64.94,10.01,0.18,1.58,23.29
-112.043257_40.61559,centroid_557,67.52,9.92,1.22,1.85,19.5
-112.043544_40.48659,centroid_558,54.88,12.77,3.03,1.53,27.79
-112.044004_41.224744,centroid_559,61.38,10.49,0.2,1.56,26.37
-112.04462_41.157065,centroid_560,65.55,10.07,0.22,1.42,22.73
-112.04464_40.416998,centroid_561,45.9,15.45,5.82,1.2,31.62
-112.044962_40.600452,centroid_562,66.05,10.45,1.34,1.94,20.23
-112.045491_41.132929,centroid_563,68.88,8.99,0.19,1.36,20.57
-112.045816_40.708437,centroid_564,72.78,7.21,0.5,0.92,18.59
-112.046692_40.700374,centroid_565,73.32,7.61,0.6,1.04,17.43
-112.046806_41.146064,centroid_566,67.36,9.26,0.21,1.38,21.8
-112.049536_41.16899,centroid_567,65.46,9.69,0.24,1.47,23.14
-112.053406_40.688611,centroid_568,71.94,7.88,0.75,1.16,18.27
-112.054229_41.117017,centroid_569,72.3,8.0,0.19,1.19,18.33
-112.054838_41.096721,centroid_570,73.48,7.46,0.12,1.15,17.79
-112.056705_41.075043,centroid_571,73.81,7.42,0.22,1.14,17.41
-112.057071_41.297894,centroid_572,58.64,10.94,0.17,1.86,28.39
-112.059323_41.084175,centroid_573,74.31,7.28,0.15,1.08,17.18
-112.060049_41.169206,centroid_574,66.09,9.89,0.2,1.5,22.32
-112.061717_41.261283,centroid_575,62.28,10.02,0.12,1.64,25.95
-112.062091_40.612222,centroid_576,67.28,10.15,1.15,2.13,19.28
-112.063742_41.070749,centroid_577,74.79,7.24,0.14,1.1,16.73
-112.06381_40.509627,centroid_578,54.58,13.14,2.06,1.29,28.94
-112.066518_41.183627,centroid_579,67.13,9.66,0.16,1.44,21.61
-112.07398_41.145399,centroid_580,72.65,7.76,0.19,1.14,18.26
-112.074928_41.158589,centroid_581,71.51,8.09,0.13,1.17,19.09
-112.075156_41.169796,centroid_582,69.77,8.85,0.25,1.29,19.85
-112.076139_40.690921,centroid_583,72.26,7.72,0.47,1.35,18.2
-112.077923_40.708853,centroid_584,73.07,7.37,0.39,1.02,18.16
-112.078284_41.202736,centroid_585,65.83,9.77,0.17,1.38,22.85
-112.078782_41.110175,centroid_586,76.61,6.54,0.15,0.97,15.72
-112.078848_40.700035,centroid_587,73.55,7.58,0.41,1.24,17.22
-112.086272_41.136578,centroid_588,75.77,6.95,0.15,1.0,16.13
-112.092658_41.171545,centroid_589,72.82,7.71,0.11,1.09,18.27
-112.098484_40.696911,centroid_590,72.85,7.61,0.39,1.48,17.67
-112.101679_40.709435,centroid_591,73.33,7.3,0.28,1.19,17.9
-112.1043_41.103239,centroid_592,79.49,5.75,0.09,0.77,13.9
-112.107403_41.287287,centroid_593,68.12,8.96,0.11,1.3,21.52
-112.123063_41.734328,centroid_594,21.74,21.17,0.08,1.27,55.73
-112.124018_41.174112,centroid_595,80.52,5.49,0.07,0.78,13.14
-112.155021_41.709816,centroid_596,20.25,21.28,0.11,1.46,56.89
-112.167066_41.621077,centroid_597,27.53,19.05,0.09,1.5,51.83
-112.181054_41.710585,centroid_598,21.41,21.43,0.08,1.71,55.36
-112.267332_40.622361,centroid_599,72.36,7.33,0.2,1.04,19.08
-112.278959_40.546065,centroid_600,73.88,6.63,0.24,1.16,18.09
-112.28466_40.556315,centroid_601,75.45,6.43,0.2,1.07,16.85
-112.286172_40.536135,centroid_602,73.36,7.07,0.26,1.32,17.99
-112.286607_40.526169,centroid_603,71.96,7.61,0.22,1.41,18.8
-112.289386_40.545078,centroid_604,74.71,6.52,0.21,1.22,17.35
-112.303612_40.627414,centroid_605,75.41,6.66,0.11,1.08,16.75
-112.307294_40.523776,centroid_606,73.53,7.02,0.28,1.46,17.71
-112.307624_40.54359,centroid_607,75.32,6.47,0.22,1.32,16.67
-112.308397_40.639212,centroid_608,76.65,6.69,0.09,1.07,15.5
-112.320972_40.516891,centroid_609,74.05,6.53,0.22,1.3,17.89
-112.332731_40.572103,centroid_610,77.56,5.72,0.05,1.05,15.62
-112.371582_40.420927,centroid_611,71.07,6.21,0.18,1.37,21.17
-112.406054_40.607924,centroid_612,77.6,5.61,0.01,1.14,15.65
-112.425961_41.80798,centroid_613,17.62,27.73,0.06,1.16,53.43
-112.460734_40.594616,centroid_614,79.41,5.04,0.01,0.95,14.6
-112.500689_40.850611,centroid_615,78.41,6.94,0.01,0.47,14.17
-113.660482_40.562716,centroid_616,0.1,1.68,0.0,0.0,98.21
