centroid,centroid_name,GSL,Misc,SevierLake,TooleLake,WestDesert
-111.076544_40.789839,centroid_1,28.28,37.64,3.15,0.53,30.39
-111.276811_40.62636,centroid_2,24.53,33.98,3.83,0.64,37.01
-111.282991_40.698113,centroid_3,29.46,29.94,3.8,0.68,36.12
-111.285765_41.776494,centroid_4,34.98,25.51,2.11,4.02,33.38
-111.364916_40.598384,centroid_5,24.82,31.85,4.87,0.69,37.77
-111.366196_40.490448,centroid_6,21.37,29.87,2.49,0.72,45.55
-111.380301_40.881808,centroid_7,31.52,26.52,9.12,0.7,32.13
-111.399741_40.517545,centroid_8,21.68,30.62,3.65,0.69,43.36
-111.402199_40.499864,centroid_9,21.91,27.83,3.17,0.72,46.36
-111.408202_40.477897,centroid_10,21.02,28.0,2.58,0.79,47.61
-111.420382_40.504007,centroid_11,21.24,28.53,3.59,0.78,45.86
-111.420779_40.48159,centroid_12,21.37,28.23,2.87,0.79,46.74
-111.434906_40.409967,centroid_13,20.32,29.55,1.82,0.64,47.67
-111.440744_40.757146,centroid_14,41.64,20.93,6.29,0.69,30.44
-111.442008_40.974532,centroid_15,46.81,20.89,9.99,0.65,21.66
-111.463355_40.506679,centroid_16,21.77,29.28,3.68,0.71,44.57
-111.47918_40.522269,centroid_17,23.47,28.89,4.23,0.77,42.63
-111.491737_40.657076,centroid_18,38.47,23.04,6.15,0.69,31.65
-111.505176_40.677097,centroid_19,41.13,21.1,6.86,0.62,30.3
-111.510946_40.65549,centroid_20,37.75,23.73,6.26,0.7,31.56
-111.510973_40.749146,centroid_21,49.48,17.4,7.17,0.65,25.31
-111.521423_40.710945,centroid_22,44.98,20.47,7.2,0.66,26.69
-111.523984_40.160043,centroid_23,25.46,28.0,1.18,0.85,44.51
-111.555312_40.702311,centroid_24,42.14,22.43,7.24,0.66,27.54
-111.57445_40.155571,centroid_25,29.23,24.77,0.64,0.82,44.55
-111.578766_40.760625,centroid_26,49.58,20.13,7.19,0.61,22.49
-111.579662_40.141332,centroid_27,27.72,24.55,0.52,0.8,46.41
-111.58085_40.12006,centroid_28,25.67,25.89,0.6,0.83,47.01
-111.586724_40.743115,centroid_29,46.8,22.43,7.34,0.61,22.83
-111.589586_40.153301,centroid_30,28.18,24.18,0.6,0.75,46.29
-111.594259_40.169936,centroid_31,28.95,23.82,0.88,0.79,45.56
-111.600062_40.162271,centroid_32,27.91,24.38,0.77,0.75,46.19
-111.602842_40.150459,centroid_33,27.8,24.52,0.65,0.74,46.29
-111.604913_40.177464,centroid_34,28.0,23.99,0.8,0.79,46.42
-111.608735_40.089857,centroid_35,29.23,24.71,0.37,0.77,44.92
-111.61045_40.126741,centroid_36,29.02,24.11,0.44,0.68,45.75
-111.614768_40.171519,centroid_37,27.78,23.97,0.76,0.78,46.71
-111.618345_40.106963,centroid_38,28.72,24.89,0.42,0.76,45.21
-111.623879_40.092185,centroid_39,28.94,24.29,0.37,0.82,45.57
-111.628876_40.159185,centroid_40,27.48,23.73,0.76,0.71,47.32
-111.62903_40.214505,centroid_41,27.67,24.79,1.12,0.8,45.62
-111.629498_40.123103,centroid_42,29.02,24.54,0.59,0.72,45.13
-111.632447_40.106182,centroid_43,29.85,24.63,0.52,0.75,44.25
-111.634914_40.233733,centroid_44,26.62,24.38,1.54,0.79,46.67
-111.635536_40.253363,centroid_45,25.45,25.13,2.59,0.81,46.03
-111.636945_40.2272,centroid_46,27.38,23.69,1.39,0.82,46.71
-111.638428_40.240275,centroid_47,25.61,23.54,1.98,0.79,48.07
-111.638558_40.096336,centroid_48,31.09,23.64,0.37,0.73,44.17
-111.640686_40.258373,centroid_49,25.35,23.83,2.7,0.87,47.25
-111.64194_40.218808,centroid_50,27.54,23.52,1.19,0.79,46.96
-111.646087_40.11793,centroid_51,30.56,22.84,0.75,0.73,45.13
-111.646814_40.276497,centroid_52,24.82,23.66,2.71,0.79,48.02
-111.64752_40.29044,centroid_53,24.49,24.55,3.02,0.82,47.12
-111.64757_40.110315,centroid_54,31.75,23.0,0.66,0.68,43.91
-111.64853_40.2644,centroid_55,25.46,23.46,2.62,0.79,47.67
-111.648661_40.251416,centroid_56,25.86,24.48,2.66,0.79,46.2
-111.649372_40.230038,centroid_57,27.46,23.06,1.6,0.72,47.16
-111.650703_40.240069,centroid_58,27.09,23.44,2.38,0.76,46.34
-111.650786_40.236052,centroid_59,27.08,22.28,1.82,0.77,48.06
-111.650822_40.243418,centroid_60,26.22,23.42,2.5,0.84,47.03
-111.65995_40.25576,centroid_61,26.38,23.09,2.5,0.79,47.24
-111.660551_40.232836,centroid_62,27.71,23.27,2.13,0.75,46.14
-111.66172_40.114122,centroid_63,32.7,23.12,0.88,0.69,42.61
-111.662169_40.242473,centroid_64,27.69,23.13,2.27,0.77,46.15
-111.662305_40.280341,centroid_65,24.95,22.66,2.76,0.79,48.85
-111.662739_40.083359,centroid_66,33.05,23.32,0.39,0.75,42.49
-111.66314_40.048822,centroid_67,32.97,22.82,0.43,0.65,43.13
-111.666038_40.25546,centroid_68,27.23,22.77,2.3,0.78,46.92
-111.667578_40.222519,centroid_69,28.0,23.34,1.89,0.71,46.07
-111.667748_40.104488,centroid_70,33.01,23.39,0.86,0.72,42.02
-111.66852_40.0218,centroid_71,30.65,25.84,0.54,0.63,42.35
-111.669581_40.31791,centroid_72,24.92,23.29,4.06,0.78,46.95
-111.670525_40.229905,centroid_73,27.53,22.81,2.12,0.76,46.78
-111.670583_40.241261,centroid_74,27.46,22.79,2.1,0.84,46.81
-111.672308_40.260179,centroid_75,27.43,22.48,2.58,0.83,46.67
-111.675307_40.307781,centroid_76,25.51,23.09,3.93,0.87,46.6
-111.675375_40.216548,centroid_77,28.76,22.76,1.82,0.75,45.91
-111.67667_40.301024,centroid_78,26.59,22.09,3.72,0.8,46.81
-111.677531_40.272456,centroid_79,26.78,22.79,2.82,0.78,46.83
-111.678764_40.248673,centroid_80,27.82,23.16,2.38,0.7,45.94
-111.679132_40.28629,centroid_81,26.69,23.27,3.29,0.8,45.94
-111.679405_40.239153,centroid_82,27.28,22.15,1.93,0.8,47.83
-111.680296_40.293406,centroid_83,26.84,22.55,3.71,0.82,46.08
-111.680631_41.034586,centroid_84,52.71,16.28,2.05,2.16,26.8
-111.680815_40.04626,centroid_85,31.52,24.22,0.45,0.71,43.09
-111.683992_40.330432,centroid_86,25.92,22.66,4.65,0.78,45.99
-111.688027_40.253105,centroid_87,28.23,21.99,2.48,0.77,46.52
-111.688126_40.26641,centroid_88,27.03,21.95,3.07,0.75,47.2
-111.690637_40.315477,centroid_89,27.45,22.21,4.43,0.81,45.11
-111.690945_40.341445,centroid_90,26.01,22.18,4.93,0.78,46.1
-111.691222_40.229559,centroid_91,28.86,22.03,1.97,0.79,46.35
-111.692342_40.305926,centroid_92,28.19,22.06,4.24,0.81,44.69
-111.692399_40.281249,centroid_93,28.54,21.91,3.73,0.78,45.04
-111.694003_40.137893,centroid_94,34.99,22.17,1.02,0.74,41.08
-111.696181_40.323257,centroid_95,26.97,22.2,4.42,0.75,45.67
-111.699522_40.29005,centroid_96,29.2,21.59,3.91,0.78,44.52
-111.700685_40.237922,centroid_97,29.91,21.68,2.25,0.78,45.38
-111.700895_40.330228,centroid_98,26.46,22.28,4.76,0.75,45.74
-111.703961_40.267811,centroid_99,29.68,21.01,3.32,0.78,45.21
-111.704086_40.278152,centroid_100,30.0,22.01,3.88,0.76,43.35
-111.705269_40.300141,centroid_101,28.66,22.32,4.54,0.82,43.66
-111.707002_40.356894,centroid_102,27.12,21.9,5.28,0.75,44.94
-111.707774_40.249038,centroid_103,31.88,21.02,3.1,0.76,43.25
-111.710463_40.344773,centroid_104,26.58,22.5,5.33,0.77,44.82
-111.712872_40.307984,centroid_105,29.37,22.09,4.9,0.82,42.82
-111.713951_40.325992,centroid_106,28.31,21.18,4.99,0.81,44.71
-111.715583_40.369104,centroid_107,28.93,21.92,5.75,0.78,42.62
-111.716827_40.286662,centroid_108,30.87,21.26,4.45,0.79,42.62
-111.716853_40.038209,centroid_109,29.85,24.12,0.76,0.69,44.58
-111.716874_40.293379,centroid_110,29.67,21.31,4.38,0.76,43.88
-111.718073_40.31855,centroid_111,28.61,21.67,4.8,0.75,44.16
-111.720009_40.301039,centroid_112,30.0,20.72,4.6,0.76,43.92
-111.721079_40.216928,centroid_113,36.02,20.87,2.4,0.82,39.88
-111.722361_40.273057,centroid_114,31.97,20.71,4.17,0.74,42.42
-111.725362_40.356218,centroid_115,28.08,21.46,5.47,0.78,44.21
-111.727036_40.048777,centroid_116,30.81,23.26,0.91,0.63,44.38
-111.728061_40.280467,centroid_117,32.67,20.69,4.42,0.74,41.48
-111.729658_40.367083,centroid_118,28.69,21.48,5.61,0.79,43.42
-111.730211_40.031261,centroid_119,30.15,24.37,1.16,0.64,43.68
-111.733955_40.340267,centroid_120,29.74,21.13,5.55,0.73,42.85
-111.737492_40.300907,centroid_121,31.24,20.25,5.12,0.75,42.64
-111.738181_41.040237,centroid_122,59.1,13.06,1.53,2.18,24.13
-111.740352_40.381469,centroid_123,31.19,20.87,6.09,0.76,41.1
-111.740466_40.017394,centroid_124,26.68,23.5,1.17,0.65,48.0
-111.743288_40.032656,centroid_125,28.14,24.25,1.31,0.71,45.6
-111.744123_40.285687,centroid_126,33.43,20.15,4.92,0.76,40.74
-111.744399_40.593159,centroid_127,37.61,37.06,6.67,0.42,18.24
-111.749055_41.125046,centroid_128,52.85,15.42,0.93,3.25,27.55
-111.75038_40.303888,centroid_129,32.36,19.84,5.28,0.73,41.79
-111.751071_40.360975,centroid_130,31.39,21.12,5.86,0.79,40.84
-111.751631_40.402618,centroid_131,32.23,19.8,6.4,0.76,40.81
-111.755119_40.37103,centroid_132,31.54,20.37,6.04,0.73,41.32
-111.758195_40.383894,centroid_133,33.3,19.9,6.38,0.72,39.69
-111.75884_40.421882,centroid_134,34.79,18.89,6.93,0.72,38.67
-111.760547_40.052672,centroid_135,29.99,21.79,1.29,0.66,46.26
-111.761646_40.399297,centroid_136,34.56,19.38,6.57,0.7,38.79
-111.76706_40.445054,centroid_137,36.34,18.2,7.04,0.74,37.68
-111.767634_40.363462,centroid_138,32.44,19.89,6.69,0.75,40.24
-111.770417_40.46392,centroid_139,37.3,17.73,7.36,0.69,36.92
-111.770737_40.73081,centroid_140,63.79,12.02,4.73,0.83,18.63
-111.773142_39.968359,centroid_141,26.78,22.47,0.86,0.67,49.22
-111.780287_41.669812,centroid_142,34.39,18.77,0.51,2.89,43.44
-111.7804_40.378335,centroid_143,33.46,19.88,7.14,0.73,38.78
-111.784488_40.390123,centroid_144,33.55,18.55,6.97,0.73,40.19
-111.786278_39.970777,centroid_145,26.9,22.12,0.6,0.69,49.69
-111.787217_39.984341,centroid_146,27.51,21.32,0.87,0.59,49.71
-111.789625_40.369928,centroid_147,33.48,19.54,7.04,0.71,39.23
-111.790522_40.421003,centroid_148,39.02,18.23,7.31,0.74,34.7
-111.79156_40.60039,centroid_149,56.65,13.61,8.22,0.66,20.86
-111.792477_40.674211,centroid_150,62.92,11.56,5.13,0.73,19.67
-111.793161_40.447365,centroid_151,41.23,16.87,7.3,0.7,33.9
-111.794628_41.782695,centroid_152,27.86,20.74,0.24,2.36,48.81
-111.79482_41.308173,centroid_153,52.84,15.26,0.43,2.91,28.57
-111.797104_41.75237,centroid_154,28.81,21.58,0.26,1.99,47.36
-111.801658_40.599156,centroid_155,58.3,12.81,7.31,0.65,20.92
-111.804059_40.615886,centroid_156,59.37,12.52,6.85,0.67,20.58
-111.807543_40.385992,centroid_157,35.07,18.43,7.45,0.71,38.34
-111.807684_40.395088,centroid_158,35.19,18.63,7.55,0.74,37.89
-111.809458_40.402597,centroid_159,35.4,18.53,7.46,0.78,37.83
-111.809883_41.746672,centroid_160,29.85,21.13,0.23,1.91,46.88
-111.809951_41.727347,centroid_161,31.65,20.9,0.23,1.88,45.35
-111.81092_40.693486,centroid_162,65.43,10.3,2.92,0.94,20.41
-111.811418_40.681534,centroid_163,64.99,10.12,2.92,0.98,20.99
-111.812698_40.705096,centroid_164,65.53,10.03,2.99,0.98,20.47
-111.812843_40.738205,centroid_165,66.31,10.19,2.95,0.85,19.69
-111.814136_40.668241,centroid_166,64.31,10.76,3.69,0.8,20.44
-111.815852_40.425107,centroid_167,41.34,16.9,7.5,0.7,33.56
-111.815956_41.688693,centroid_168,31.93,20.75,0.28,2.04,45.0
-111.817619_40.414016,centroid_169,39.15,18.05,7.86,0.71,34.23
-111.818116_41.792341,centroid_170,27.58,22.55,0.28,2.07,47.52
-111.818358_40.725601,centroid_171,66.44,9.91,2.56,0.89,20.2
-111.818717_40.457745,centroid_172,48.01,14.63,7.57,0.61,29.18
-111.818751_41.747656,centroid_173,29.94,21.79,0.24,2.04,45.98
-111.818861_40.583571,centroid_174,58.3,12.86,6.04,0.71,22.08
-111.819036_40.550046,centroid_175,53.59,14.05,7.43,0.74,24.19
-111.81914_40.389094,centroid_176,36.07,17.97,7.78,0.68,37.51
-111.819413_40.628684,centroid_177,61.75,11.8,5.37,0.75,20.33
-111.819544_41.833667,centroid_178,26.16,22.13,0.21,1.86,49.63
-111.820542_41.753457,centroid_179,30.19,21.41,0.26,1.99,46.14
-111.820548_41.709977,centroid_180,31.88,20.27,0.25,1.84,45.76
-111.821178_40.598865,centroid_181,59.87,12.54,5.49,0.8,21.3
-111.821453_41.940066,centroid_182,23.15,22.91,0.15,1.89,51.89
-111.822335_41.768353,centroid_183,28.25,21.26,0.2,1.85,48.44
-111.822358_40.647882,centroid_184,63.17,11.36,4.35,0.8,20.32
-111.822423_40.608806,centroid_185,60.16,12.22,5.15,0.84,21.64
-111.822675_41.731046,centroid_186,30.55,20.94,0.26,1.97,46.28
-111.822761_40.72054,centroid_187,66.99,10.07,2.44,0.9,19.6
-111.82303_40.590995,centroid_188,59.47,11.95,5.35,0.78,22.45
-111.824953_41.739378,centroid_189,30.81,21.85,0.23,1.94,45.17
-111.824977_40.368113,centroid_190,37.79,17.81,7.61,0.67,36.11
-111.825164_40.574221,centroid_191,58.46,12.63,5.51,0.74,22.65
-111.825315_40.618717,centroid_192,61.05,11.78,4.71,0.79,21.67
-111.827578_40.565723,centroid_193,57.13,12.62,5.73,0.73,23.79
-111.83104_41.630386,centroid_194,33.45,21.31,0.23,2.15,42.85
-111.831768_40.76318,centroid_195,68.1,10.01,2.88,0.73,18.28
-111.831813_40.693661,centroid_196,65.73,9.75,2.3,0.83,21.39
-111.832737_40.737207,centroid_197,67.13,9.82,2.37,0.84,19.84
-111.833836_40.729518,centroid_198,67.44,9.69,2.28,0.81,19.78
-111.834129_40.680721,centroid_199,66.03,9.97,2.38,0.85,20.76
-111.834551_40.405548,centroid_200,38.48,17.87,8.26,0.7,34.68
-111.834821_41.571693,centroid_201,34.38,21.42,0.4,2.52,41.28
-111.834867_40.534818,centroid_202,53.17,13.73,7.5,0.69,24.92
-111.835416_40.668251,centroid_203,64.6,9.97,2.43,0.82,22.19
-111.836125_40.745913,centroid_204,67.64,9.85,2.66,0.72,19.14
-111.83622_40.705081,centroid_205,66.6,9.45,2.14,0.79,21.01
-111.836308_40.752159,centroid_206,67.57,9.8,2.63,0.76,19.23
-111.840653_40.425278,centroid_207,44.63,15.65,8.16,0.64,30.92
-111.841414_40.598136,centroid_208,60.25,11.38,3.75,0.82,23.8
-111.84258_41.724841,centroid_209,31.26,20.87,0.21,1.88,45.78
-111.842757_41.742672,centroid_210,28.96,21.34,0.19,1.82,47.68
-111.842942_41.839116,centroid_211,26.59,21.93,0.18,1.83,49.47
-111.843074_40.502221,centroid_212,50.69,15.35,9.08,0.6,24.28
-111.843206_41.758231,centroid_213,28.89,21.19,0.16,1.89,47.86
-111.84356_40.547135,centroid_214,57.57,12.04,5.07,0.82,24.49
-111.8435_40.66169,centroid_215,65.59,10.02,2.33,0.82,21.25
-111.844289_40.587869,centroid_216,60.45,11.71,4.04,0.82,22.98
-111.844394_40.620095,centroid_217,63.19,10.81,3.4,0.79,21.81
-111.844503_40.64516,centroid_218,63.86,10.27,2.76,0.87,22.24
-111.844773_40.571257,centroid_219,59.17,11.82,4.5,0.8,23.71
-111.845813_40.635795,centroid_220,63.89,10.51,3.0,0.86,21.74
-111.846344_39.973192,centroid_221,22.54,21.66,1.59,0.68,53.53
-111.847221_40.715345,centroid_222,67.3,9.44,1.96,0.84,20.45
-111.847278_40.874379,centroid_223,71.85,8.7,1.54,1.17,16.75
-111.847386_40.628148,centroid_224,63.01,10.71,3.03,0.82,22.43
-111.847776_40.729553,centroid_225,68.2,9.47,2.08,0.82,19.43
-111.847802_40.608397,centroid_226,61.66,10.96,3.43,0.8,23.14
-111.847845_40.746043,centroid_227,67.95,9.38,2.04,0.8,19.84
-111.848384_40.73777,centroid_228,67.62,9.36,1.98,0.77,20.28
-111.848461_40.692693,centroid_229,66.92,9.62,2.03,0.83,20.6
-111.848521_40.654587,centroid_230,64.93,10.16,2.62,0.8,21.49
-111.849339_40.679694,centroid_231,65.64,9.69,2.1,0.84,21.73
-111.850591_40.407356,centroid_232,41.9,16.79,8.61,0.69,32.01
-111.851178_40.385298,centroid_233,40.87,16.73,8.32,0.68,33.39
-111.852251_40.722852,centroid_234,67.95,9.44,1.86,0.82,19.93
-111.852338_41.678225,centroid_235,33.3,20.53,0.19,1.96,44.02
-111.852681_40.709441,centroid_236,67.38,9.3,1.91,0.83,20.58
-111.852811_41.296207,centroid_237,53.77,13.99,0.38,2.7,29.16
-111.854272_41.721677,centroid_238,30.71,20.5,0.22,1.84,46.73
-111.857382_40.764701,centroid_239,69.05,9.23,1.95,0.85,18.92
-111.857441_40.756731,centroid_240,69.05,9.14,1.9,0.83,19.08
-111.857552_40.781281,centroid_241,69.66,9.47,1.97,0.9,18.0
-111.858454_40.399603,centroid_242,42.2,16.42,8.51,0.66,32.21
-111.858486_40.371842,centroid_243,43.46,15.25,8.25,0.66,32.38
-111.858701_40.423438,centroid_244,47.41,14.96,8.99,0.64,28.01
-111.859304_40.657416,centroid_245,64.91,9.72,2.25,0.84,22.28
-111.859405_40.641452,centroid_246,63.99,10.27,2.7,0.82,22.21
-111.861182_40.536773,centroid_247,57.39,11.88,4.78,0.87,25.08
-111.861626_40.572519,centroid_248,61.1,11.2,3.65,0.88,23.17
-111.861722_40.729313,centroid_249,68.63,9.08,1.8,0.81,19.68
-111.86177_40.877164,centroid_250,72.96,8.64,1.36,1.37,15.66
-111.86226_40.737444,centroid_251,69.44,9.04,1.7,0.82,19.0
-111.862514_40.669789,centroid_252,66.2,9.69,1.95,0.89,21.27
-111.862619_40.602573,centroid_253,62.56,10.7,3.23,0.89,22.62
-111.862851_40.865278,centroid_254,72.47,8.44,1.23,1.33,16.52
-111.862856_40.745607,centroid_255,69.8,8.89,1.71,0.85,18.76
-111.86297_40.551209,centroid_256,59.11,11.69,4.22,0.87,24.11
-111.863208_40.77244,centroid_257,69.27,9.27,2.06,0.86,18.54
-111.863557_40.681382,centroid_258,66.64,9.31,1.97,0.9,21.17
-111.863717_40.692769,centroid_259,66.93,9.3,1.85,0.81,21.11
-111.863983_40.894304,centroid_260,70.4,9.33,1.35,1.53,17.38
-111.864303_40.704178,centroid_261,67.12,9.21,1.76,0.84,21.07
-111.864406_40.588712,centroid_262,61.87,11.04,3.47,0.85,22.77
-111.864857_40.615566,centroid_263,62.41,10.8,3.02,0.9,22.87
-111.865394_40.492158,centroid_264,51.72,13.91,9.26,0.56,24.55
-111.865449_40.625868,centroid_265,63.03,10.4,2.89,0.93,22.74
-111.866206_41.635103,centroid_266,33.21,20.05,0.14,2.01,44.59
-111.866862_40.755854,centroid_267,70.15,8.83,1.8,0.78,18.44
-111.866996_40.765141,centroid_268,69.58,8.89,1.76,0.82,18.97
-111.868916_40.915806,centroid_269,69.45,9.8,1.31,1.68,17.76
-111.870361_40.504081,centroid_270,52.76,13.95,8.49,0.75,24.06
-111.871449_40.717463,centroid_271,68.44,9.03,1.64,0.77,20.12
-111.872719_40.562795,centroid_272,59.3,11.31,3.55,0.92,24.92
-111.873091_40.426072,centroid_273,48.35,14.5,9.21,0.68,27.25
-111.873714_40.779573,centroid_274,71.16,8.64,1.65,0.9,17.64
-111.874022_40.655416,centroid_275,66.2,9.98,1.97,0.95,20.9
-111.874406_40.676796,centroid_276,66.33,9.38,1.86,0.88,21.54
-111.875063_40.37769,centroid_277,47.69,14.31,8.49,0.63,28.89
-111.875311_40.772914,centroid_278,71.53,8.3,1.61,0.86,17.7
-111.875367_40.636096,centroid_279,63.53,10.36,2.51,0.81,22.79
-111.875672_40.513778,centroid_280,55.89,12.58,6.77,0.78,23.98
-111.875781_40.754422,centroid_281,69.9,8.76,1.53,0.81,19.0
-111.875818_40.764404,centroid_282,71.64,8.29,1.62,0.84,17.6
-111.876157_41.714552,centroid_283,30.78,20.23,0.15,1.77,47.07
-111.877445_40.669124,centroid_284,66.49,9.51,1.9,0.93,21.16
-111.877468_40.70068,centroid_285,67.55,9.17,1.71,0.83,20.73
-111.879471_40.73788,centroid_286,70.03,8.66,1.76,0.79,18.77
-111.87952_40.575392,centroid_287,60.24,11.15,3.3,0.9,24.42
-111.879796_40.729599,centroid_288,70.34,8.68,1.58,0.77,18.63
-111.880198_40.625922,centroid_289,63.95,10.53,2.74,0.84,21.94
-111.880264_40.947095,centroid_290,64.63,10.62,1.03,2.16,21.56
-111.880271_40.536113,centroid_291,57.69,11.73,4.43,0.94,25.21
-111.880354_40.649455,centroid_292,64.01,9.87,2.14,0.92,23.06
-111.880422_40.58988,centroid_293,61.56,10.85,3.18,0.95,23.45
-111.880898_40.614977,centroid_294,62.46,10.34,3.0,0.96,23.24
-111.881104_40.917952,centroid_295,67.84,9.95,1.15,1.65,19.41
-111.881334_40.682113,centroid_296,67.49,9.33,1.92,0.84,20.42
-111.881354_40.549923,centroid_297,58.68,11.39,3.66,0.93,25.34
-111.881768_40.480941,centroid_298,52.39,13.73,9.44,0.65,23.79
-111.881785_40.444442,centroid_299,51.67,13.89,9.54,0.64,24.25
-111.88196_40.764527,centroid_300,69.93,8.41,1.42,0.83,19.41
-111.882175_40.745419,centroid_301,70.19,8.48,1.53,0.78,19.02
-111.882194_40.395414,centroid_302,48.54,14.37,8.81,0.67,27.61
-111.882269_40.694385,centroid_303,67.48,9.17,1.8,0.83,20.73
-111.882317_40.900031,centroid_304,69.55,9.28,1.15,1.32,18.69
-111.88253_40.715604,centroid_305,67.72,9.0,1.69,0.86,20.74
-111.882661_40.889559,centroid_306,71.21,8.74,1.07,1.18,17.8
-111.882759_40.754432,centroid_307,70.4,8.51,1.45,0.81,18.83
-111.882872_40.847279,centroid_308,74.09,8.02,1.14,1.2,15.54
-111.883523_40.60328,centroid_309,61.88,10.89,2.96,0.92,23.36
-111.883623_40.293274,centroid_310,48.47,13.79,7.62,0.66,29.46
-111.883824_40.876949,centroid_311,73.62,7.97,1.02,1.13,16.27
-111.883872_40.77208,centroid_312,71.62,8.22,1.5,0.8,17.87
-111.884464_40.976161,centroid_313,66.22,9.77,0.72,2.4,20.89
-111.884545_40.862897,centroid_314,74.64,7.61,1.03,1.13,15.6
-111.885089_40.792854,centroid_315,73.93,7.89,1.4,0.88,15.9
-111.886449_40.511462,centroid_316,55.68,12.69,6.93,0.75,23.95
-111.891352_40.929521,centroid_317,64.25,10.42,0.89,1.74,22.7
-111.892787_40.773742,centroid_318,71.89,8.3,1.4,0.82,17.59
-111.893005_40.414866,centroid_319,48.59,14.4,10.06,0.6,26.36
-111.893719_40.689976,centroid_320,67.4,9.42,1.86,0.85,20.47
-111.894162_40.67293,centroid_321,66.37,9.67,1.74,0.88,21.34
-111.894345_40.63967,centroid_322,64.22,10.2,2.03,0.99,22.56
-111.894446_40.759154,centroid_323,71.91,8.07,1.44,0.76,17.82
-111.894572_40.738365,centroid_324,71.02,8.38,1.5,0.75,18.36
-111.895844_40.780716,centroid_325,73.33,8.08,1.28,0.77,16.53
-111.895943_40.618485,centroid_326,62.57,10.61,2.62,0.9,23.3
-111.896706_40.598219,centroid_327,61.5,10.62,2.94,0.96,23.97
-111.897019_40.835373,centroid_328,75.81,7.22,0.91,0.99,15.07
-111.898457_40.431784,centroid_329,50.25,14.06,9.9,0.69,25.11
-111.898477_41.004626,centroid_330,63.49,10.61,0.48,2.51,22.92
-111.898566_40.848982,centroid_331,76.73,6.65,0.81,0.82,15.0
-111.898917_40.712146,centroid_332,68.83,8.8,1.62,0.82,19.93
-111.900611_40.763008,centroid_333,72.77,8.12,1.34,0.76,17.02
-111.901059_40.577081,centroid_334,60.78,11.24,3.02,1.02,23.94
-111.901096_40.381123,centroid_335,48.46,14.05,9.41,0.59,27.5
-111.90145_40.313771,centroid_336,49.26,13.17,8.1,0.66,28.8
-111.903059_40.494693,centroid_337,54.59,12.89,6.98,0.71,24.83
-111.903409_40.874213,centroid_338,75.24,7.14,0.82,0.89,15.91
-111.90514_41.046788,centroid_339,62.61,11.13,0.45,2.66,23.16
-111.905287_40.777647,centroid_340,73.42,7.57,1.22,0.78,17.0
-111.905345_40.512322,centroid_341,55.55,12.15,6.05,0.83,25.42
-111.90667_40.768582,centroid_342,73.61,7.56,1.28,0.71,16.83
-111.908197_40.548717,centroid_343,58.2,11.45,3.07,1.06,26.21
-111.909774_40.60506,centroid_344,62.07,10.95,2.76,0.91,23.3
-111.91017_40.344548,centroid_345,46.67,13.86,9.27,0.68,29.52
-111.910584_40.640952,centroid_346,64.51,10.28,1.98,1.06,22.17
-111.911927_40.404989,centroid_347,48.42,14.23,9.94,0.62,26.8
-111.912153_40.657018,centroid_348,64.97,9.91,1.98,1.02,22.11
-111.913802_40.69076,centroid_349,67.87,9.26,1.7,0.79,20.38
-111.91454_40.617895,centroid_350,62.25,10.72,2.5,0.93,23.6
-111.917798_40.669424,centroid_351,66.68,9.5,1.74,0.93,21.15
-111.917933_40.759681,centroid_352,72.24,7.71,1.27,0.76,18.02
-111.918759_40.997252,centroid_353,59.14,11.29,0.39,2.43,26.76
-111.919045_40.377528,centroid_354,47.64,14.06,9.66,0.56,28.08
-111.919316_40.979235,centroid_355,61.36,10.21,0.38,1.98,26.06
-111.919332_40.871186,centroid_356,77.47,6.42,0.6,0.82,14.69
-111.919482_41.118309,centroid_357,60.37,10.95,0.38,1.88,26.42
-111.921111_40.678954,centroid_358,66.62,9.44,1.78,0.85,21.31
-111.921231_40.88004,centroid_359,76.57,6.5,0.54,0.95,15.44
-111.922588_40.558313,centroid_360,58.96,11.63,2.96,1.08,25.37
-111.92275_40.786583,centroid_361,74.65,7.37,0.93,0.85,16.2
-111.923191_40.47861,centroid_362,54.23,13.01,6.76,0.88,25.12
-111.924105_40.777249,centroid_363,74.84,7.37,0.98,0.86,15.95
-111.924804_40.335698,centroid_364,44.66,14.3,9.5,0.67,30.87
-111.925071_41.155453,centroid_365,60.99,11.32,0.43,2.53,24.73
-111.925578_40.604733,centroid_366,62.24,11.03,2.55,0.92,23.25
-111.925846_41.030577,centroid_367,58.69,11.27,0.47,2.46,27.11
-111.926215_40.744741,centroid_368,70.77,8.34,1.3,0.73,18.86
-111.926241_40.851811,centroid_369,78.3,6.16,0.49,0.71,14.33
-111.927711_40.736088,centroid_370,70.02,8.87,1.45,0.7,18.96
-111.928688_40.399346,centroid_371,47.72,14.12,10.19,0.62,27.35
-111.928991_40.65544,centroid_372,65.18,9.83,1.89,0.98,22.11
-111.929727_41.081537,centroid_373,61.51,10.8,0.35,2.04,25.31
-111.929731_40.530127,centroid_374,57.36,11.76,3.56,1.11,26.21
-111.930032_41.01509,centroid_375,58.18,11.26,0.45,2.11,27.99
-111.930398_40.690919,centroid_376,67.23,9.07,1.63,0.79,21.27
-111.930969_40.511697,centroid_377,55.77,12.33,5.0,1.09,25.8
-111.931051_40.754179,centroid_378,71.75,8.11,1.19,0.82,18.13
-111.931138_41.046136,centroid_379,57.61,11.43,0.56,2.45,27.94
-111.93148_41.096188,centroid_380,62.46,10.83,0.46,1.91,24.34
-111.932342_40.761639,centroid_381,72.63,7.64,1.0,0.86,17.87
-111.93295_40.799939,centroid_382,76.09,6.73,0.81,0.86,15.51
-111.933313_40.675933,centroid_383,67.18,9.58,1.78,0.82,20.65
-111.934071_40.623527,centroid_384,63.29,10.72,2.09,1.05,22.85
-111.934084_40.592789,centroid_385,60.91,10.75,2.47,1.06,24.81
-111.934301_40.711598,centroid_386,68.57,9.05,1.51,0.69,20.17
-111.9393_41.227183,centroid_387,57.48,11.55,0.33,2.36,28.28
-111.939733_40.792705,centroid_388,75.47,6.96,0.75,0.82,15.99
-111.940056_40.641576,centroid_389,64.92,10.05,1.84,1.12,22.07
-111.940642_41.173851,centroid_390,58.8,11.5,0.41,2.13,27.16
-111.940766_41.217122,centroid_391,58.52,11.5,0.37,2.26,27.35
-111.941215_41.083909,centroid_392,61.88,11.02,0.37,1.83,24.91
-111.941272_41.056129,centroid_393,58.23,11.5,0.41,2.08,27.78
-111.941333_41.199064,centroid_394,60.45,11.38,0.41,2.29,25.46
-111.942532_41.247578,centroid_395,57.34,11.82,0.36,2.52,27.95
-111.942826_40.571728,centroid_396,59.95,11.52,2.69,1.25,24.6
-111.94356_40.777338,centroid_397,73.67,7.56,0.87,0.85,17.06
-111.943652_40.55176,centroid_398,58.95,11.39,2.74,1.21,25.7
-111.943836_40.686598,centroid_399,67.72,9.24,1.53,0.75,20.76
-111.9439_40.621723,centroid_400,63.29,10.28,2.09,1.06,23.28
-111.944043_40.590137,centroid_401,59.85,11.05,2.25,1.08,25.77
-111.944538_41.122226,centroid_402,62.01,11.04,0.33,1.84,24.77
-111.944691_40.706825,centroid_403,68.3,8.7,1.49,0.69,20.83
-111.94496_41.068263,centroid_404,60.2,11.39,0.38,2.02,26.01
-111.945068_40.79562,centroid_405,75.56,6.91,0.67,0.86,16.0
-111.946263_40.656115,centroid_406,65.68,10.06,1.77,0.95,21.54
-111.947187_40.692683,centroid_407,68.23,9.14,1.47,0.72,20.43
-111.947479_40.675709,centroid_408,67.7,9.33,1.59,0.83,20.54
-111.94759_41.019595,centroid_409,60.96,10.63,0.33,1.97,26.1
-111.948048_40.530825,centroid_410,57.77,11.92,2.99,1.27,26.06
-111.948176_40.512455,centroid_411,55.78,12.65,4.44,1.09,26.04
-111.948691_41.661653,centroid_412,30.44,19.63,0.18,1.87,47.88
-111.948758_41.154417,centroid_413,60.01,11.3,0.38,1.87,26.44
-111.94913_41.310725,centroid_414,55.36,12.18,0.28,2.52,29.65
-111.949585_41.260822,centroid_415,57.17,11.89,0.3,2.51,28.14
-111.953392_41.225632,centroid_416,59.47,10.87,0.3,2.07,27.28
-111.953453_41.197429,centroid_417,60.67,11.12,0.3,1.98,25.92
-111.953459_41.855698,centroid_418,20.43,22.41,0.1,1.58,55.48
-111.954802_41.318583,centroid_419,53.94,12.16,0.31,2.59,31.0
-111.956877_41.296637,centroid_420,55.69,11.97,0.33,2.51,29.5
-111.957299_40.616163,centroid_421,63.59,10.32,1.92,1.12,23.06
-111.957363_41.211189,centroid_422,59.84,11.02,0.28,1.92,26.93
-111.957765_40.632023,centroid_423,65.35,10.11,1.88,1.16,21.51
-111.95837_41.242293,centroid_424,58.19,11.72,0.35,2.22,27.52
-111.95845_40.60327,centroid_425,62.28,10.72,2.13,1.02,23.86
-111.958641_41.2164,centroid_426,60.15,11.43,0.29,2.03,26.1
-111.959008_41.176728,centroid_427,60.7,11.02,0.32,1.73,26.24
-111.959194_41.282302,centroid_428,56.37,11.93,0.4,2.45,28.85
-111.959583_40.660737,centroid_429,67.03,9.29,1.68,0.91,21.09
-111.960089_40.355034,centroid_430,36.28,16.76,10.97,0.75,35.23
-111.96022_40.690792,centroid_431,68.78,9.03,1.53,0.72,19.94
-111.960315_40.372252,centroid_432,37.31,17.07,11.72,0.66,33.24
-111.960869_40.488003,centroid_433,54.91,12.93,4.97,0.89,26.31
-111.961602_41.272077,centroid_434,56.25,12.12,0.36,2.52,28.74
-111.961721_40.675876,centroid_435,67.45,9.37,1.55,0.81,20.83
-111.962521_40.645717,centroid_436,65.62,9.51,1.7,1.0,22.17
-111.962649_40.588946,centroid_437,62.08,10.92,2.17,1.18,23.65
-111.963274_41.204051,centroid_438,59.64,11.0,0.3,1.78,27.28
-111.964209_41.226269,centroid_439,59.16,11.08,0.3,1.91,27.55
-111.964559_40.700084,centroid_440,69.68,8.57,1.41,0.7,19.64
-111.965115_41.2587,centroid_441,56.43,12.18,0.33,2.3,28.76
-111.965807_40.551035,centroid_442,59.45,11.45,2.4,1.38,25.31
-111.965989_40.708888,centroid_443,69.9,8.58,1.24,0.69,19.59
-111.96665_41.024307,centroid_444,64.83,9.72,0.31,1.67,23.47
-111.968218_41.193171,centroid_445,60.63,10.62,0.36,1.71,26.68
-111.968334_41.095162,centroid_446,61.35,10.89,0.42,1.79,25.55
-111.968683_41.082159,centroid_447,61.18,10.87,0.4,1.82,25.72
-111.9686_41.063783,centroid_448,61.18,11.02,0.3,1.78,25.72
-111.968726_40.772193,centroid_449,73.51,7.39,0.63,0.88,17.59
-111.969202_40.510658,centroid_450,56.51,12.45,3.91,1.02,26.11
-111.969521_40.688171,centroid_451,69.3,8.85,1.37,0.72,19.77
-111.971081_40.572403,centroid_452,61.47,11.14,2.22,1.35,23.82
-111.972082_40.616407,centroid_453,64.18,10.22,1.85,1.2,22.54
-111.972178_40.675112,centroid_454,68.74,9.23,1.45,0.86,19.73
-111.973179_41.226044,centroid_455,58.49,11.22,0.28,2.0,28.02
-111.973573_40.604184,centroid_456,63.44,10.58,2.01,1.11,22.86
-111.974005_40.531144,centroid_457,59.15,11.43,2.39,1.29,25.75
-111.974155_41.212538,centroid_458,59.1,10.94,0.27,1.74,27.95
-111.97438_41.203082,centroid_459,58.37,11.25,0.34,1.75,28.3
-111.975047_41.239805,centroid_460,56.63,11.26,0.21,1.99,29.92
-111.975796_40.631238,centroid_461,65.86,9.84,1.82,1.2,21.28
-111.975978_40.544886,centroid_462,60.46,11.48,2.27,1.38,24.42
-111.976022_40.660124,centroid_463,67.11,9.18,1.56,0.91,21.25
-111.977644_40.646834,centroid_464,67.22,9.59,1.59,1.01,20.6
-111.978806_41.179923,centroid_465,62.35,10.64,0.24,1.65,25.12
-111.979543_41.258746,centroid_466,56.44,11.55,0.25,2.19,29.57
-111.980286_41.169234,centroid_467,62.9,10.45,0.3,1.53,24.82
-111.980431_41.284824,centroid_468,56.04,12.17,0.33,2.41,29.05
-111.981298_41.04229,centroid_469,65.8,9.74,0.28,1.61,22.57
-111.981719_41.099645,centroid_470,63.54,10.83,0.36,1.72,23.56
-111.982206_40.688298,centroid_471,70.47,8.41,1.31,0.72,19.08
-111.982771_40.674941,centroid_472,69.77,8.97,1.33,0.93,19.0
-111.983151_41.326667,centroid_473,54.73,12.23,0.32,2.48,30.24
-111.983191_40.357191,centroid_474,32.03,18.31,11.83,0.87,36.95
-111.984192_40.558121,centroid_475,60.92,11.23,2.25,1.41,24.19
-111.985378_41.114437,centroid_476,62.65,10.41,0.33,1.73,24.88
-111.985541_40.628845,centroid_477,65.92,9.86,1.65,1.24,21.34
-111.98624_41.299845,centroid_478,54.77,11.69,0.28,2.39,30.86
-111.987143_41.054503,centroid_479,65.16,9.47,0.28,1.68,23.41
-111.987762_40.584366,centroid_480,62.9,10.32,1.98,1.27,23.54
-111.988183_40.486484,centroid_481,55.12,12.96,3.36,1.21,27.34
-111.989418_41.940102,centroid_482,18.15,22.35,0.13,1.54,57.82
-111.989566_41.095744,centroid_483,65.16,9.9,0.25,1.61,23.08
-111.989971_41.260981,centroid_484,56.05,11.72,0.22,2.25,29.77
-111.990743_40.700582,centroid_485,70.74,8.36,1.06,0.66,19.18
-111.992476_40.643452,centroid_486,68.04,9.38,1.4,1.03,20.15
-111.993479_40.59462,centroid_487,63.25,10.37,1.89,1.26,23.22
-111.993725_40.363105,centroid_488,31.16,18.38,11.11,0.96,38.39
-111.99379_41.081887,centroid_489,65.33,9.83,0.29,1.63,22.92
-111.994723_40.660784,centroid_490,69.16,8.96,1.24,0.97,19.67
-111.995243_40.572848,centroid_491,63.0,10.53,1.97,1.4,23.1
-111.995718_40.674288,centroid_492,69.3,8.68,1.15,0.91,19.96
-111.995826_40.616686,centroid_493,65.49,10.13,1.65,1.26,21.47
-111.996017_40.556347,centroid_494,62.02,10.92,2.23,1.42,23.41
-111.996204_40.688709,centroid_495,70.29,8.4,1.11,0.75,19.44
-111.99729_40.64703,centroid_496,68.46,9.22,1.35,1.08,19.88
-111.997813_41.188851,centroid_497,61.46,10.84,0.28,1.76,25.66
-111.998657_41.219744,centroid_498,57.5,11.5,0.23,1.84,28.94
-112.000428_41.31434,centroid_499,54.63,11.81,0.18,2.41,30.98
-112.000709_40.529665,centroid_500,59.06,11.28,2.33,1.39,25.95
-112.001492_40.541008,centroid_501,60.32,11.14,2.21,1.45,24.88
-112.001644_41.10941,centroid_502,67.39,9.43,0.34,1.57,21.27
-112.003382_41.521646,centroid_503,42.84,15.43,0.15,1.69,39.89
-112.003874_40.617978,centroid_504,65.93,10.11,1.68,1.32,20.96
-112.00425_40.70772,centroid_505,71.52,8.15,0.9,0.75,18.68
-112.004627_41.172579,centroid_506,64.38,10.72,0.22,1.61,23.07
-112.007187_40.662033,centroid_507,69.25,8.75,1.26,1.03,19.71
-112.007791_40.31239,centroid_508,28.92,18.42,12.17,0.89,39.6
-112.008483_41.516544,centroid_509,45.08,14.97,0.13,1.86,37.96
-112.008946_41.267921,centroid_510,54.63,11.86,0.26,2.11,31.13
-112.00913_40.645508,centroid_511,67.79,9.61,1.32,1.13,20.15
-112.009192_41.497793,centroid_512,44.18,15.3,0.17,1.94,38.41
-112.009729_40.483189,centroid_513,55.9,13.0,2.82,1.3,26.98
-112.010258_41.097492,centroid_514,67.29,9.56,0.22,1.53,21.4
-112.011518_40.558685,centroid_515,61.6,11.13,1.99,1.55,23.74
-112.011919_40.30206,centroid_516,28.58,18.64,11.89,0.89,40.0
-112.012235_40.493281,centroid_517,56.12,13.04,2.63,1.38,26.83
-112.012244_40.616436,centroid_518,66.3,9.99,1.52,1.43,20.76
-112.012293_40.678312,centroid_519,70.08,8.55,1.14,0.96,19.28
-112.013095_40.593192,centroid_520,64.41,10.67,1.84,1.49,21.59
-112.013694_41.081241,centroid_521,67.65,9.02,0.23,1.51,21.59
-112.013799_40.502771,centroid_522,57.28,12.53,2.61,1.2,26.37
-112.013847_40.514439,centroid_523,58.03,11.96,2.27,1.66,26.08
-112.013886_40.700084,centroid_524,70.62,8.27,0.95,0.79,19.36
-112.013913_40.68891,centroid_525,69.67,8.45,1.06,0.83,19.99
-112.015179_41.41467,centroid_526,52.87,11.87,0.19,2.25,32.82
-112.015221_40.634595,centroid_527,66.68,9.59,1.38,1.35,21.0
-112.015384_40.672285,centroid_528,70.55,8.58,1.01,0.98,18.89
-112.015703_40.627586,centroid_529,66.56,9.86,1.45,1.43,20.69
-112.016916_41.112229,centroid_530,67.79,9.36,0.31,1.47,21.06
-112.01748_40.360281,centroid_531,30.56,19.41,10.11,1.15,38.77
-112.017792_40.658171,centroid_532,68.58,8.92,1.14,1.07,20.3
-112.019615_40.603192,centroid_533,65.05,10.34,1.55,1.56,21.5
-112.019787_40.646025,centroid_534,67.35,9.11,1.24,1.14,21.17
-112.020384_41.076257,centroid_535,69.48,8.69,0.21,1.39,20.22
-112.023359_40.527993,centroid_536,58.21,12.04,2.13,1.57,26.05
-112.023602_41.521734,centroid_537,44.48,14.5,0.13,1.95,38.93
-112.024698_41.495513,centroid_538,44.44,14.82,0.13,2.04,38.57
-112.028804_40.565908,centroid_539,62.14,11.47,1.92,1.65,22.83
-112.030471_41.18391,centroid_540,64.05,10.65,0.29,1.6,23.41
-112.030958_41.081032,centroid_541,70.38,8.62,0.25,1.37,19.37
-112.031147_41.466594,centroid_542,50.72,13.12,0.2,1.99,33.97
-112.031495_41.140322,centroid_543,66.65,9.38,0.21,1.51,22.25
-112.032504_40.501352,centroid_544,56.21,12.82,2.46,1.38,27.13
-112.032898_40.64508,centroid_545,67.91,9.72,1.22,1.33,19.82
-112.033318_41.169763,centroid_546,65.53,10.13,0.24,1.5,22.61
-112.033448_41.093148,centroid_547,69.49,8.63,0.23,1.32,20.32
-112.034503_41.118399,centroid_548,69.34,8.84,0.2,1.44,20.17
-112.034807_40.628157,centroid_549,66.79,9.88,1.27,1.64,20.42
-112.035582_40.667654,centroid_550,69.03,9.16,1.09,1.1,19.61
-112.036508_40.68917,centroid_551,70.4,8.67,1.07,1.08,18.78
-112.037258_40.678028,centroid_552,69.82,8.91,1.07,1.06,19.14
-112.037353_41.072467,centroid_553,71.56,8.16,0.22,1.27,18.79
-112.038548_40.634744,centroid_554,66.47,9.77,1.16,1.73,20.87
-112.041071_41.31379,centroid_555,54.94,11.81,0.18,2.21,30.87
-112.043027_41.190524,centroid_556,64.74,10.06,0.18,1.59,23.43
-112.043257_40.61559,centroid_557,64.89,10.72,1.32,1.99,21.08
-112.043544_40.48659,centroid_558,52.8,13.36,3.17,1.6,29.07
-112.044004_41.224744,centroid_559,61.16,10.55,0.2,1.57,26.52
-112.04462_41.157065,centroid_560,65.38,10.13,0.22,1.42,22.85
-112.04464_40.416998,centroid_561,44.52,15.85,5.97,1.23,32.43
-112.044962_40.600452,centroid_562,63.52,11.23,1.44,2.08,21.74
-112.045491_41.132929,centroid_563,68.72,9.04,0.19,1.37,20.68
-112.045816_40.708437,centroid_564,70.23,7.88,0.55,1.01,20.33
-112.046692_40.700374,centroid_565,70.92,8.29,0.66,1.13,19.0
-112.046806_41.146064,centroid_566,67.18,9.31,0.21,1.38,21.92
-112.049536_41.16899,centroid_567,65.26,9.75,0.24,1.48,23.27
-112.053406_40.688611,centroid_568,69.69,8.51,0.81,1.25,19.73
-112.054229_41.117017,centroid_569,72.16,8.04,0.19,1.19,18.42
-112.054838_41.096721,centroid_570,73.37,7.49,0.13,1.15,17.87
-112.056705_41.075043,centroid_571,73.7,7.45,0.22,1.15,17.49
-112.057071_41.297894,centroid_572,58.39,11.01,0.17,1.87,28.57
-112.059323_41.084175,centroid_573,74.2,7.31,0.15,1.09,17.26
-112.060049_41.169206,centroid_574,65.91,9.94,0.2,1.51,22.44
-112.061717_41.261283,centroid_575,62.07,10.08,0.12,1.64,26.09
-112.062091_40.612222,centroid_576,64.66,10.97,1.24,2.3,20.83
-112.063742_41.070749,centroid_577,74.68,7.28,0.14,1.1,16.8
-112.06381_40.509627,centroid_578,52.15,13.84,2.17,1.36,30.48
-112.066518_41.183627,centroid_579,66.96,9.71,0.16,1.45,21.72
-112.07398_41.145399,centroid_580,72.53,7.8,0.19,1.15,18.34
-112.074928_41.158589,centroid_581,71.39,8.13,0.13,1.17,19.17
-112.075156_41.169796,centroid_582,69.63,8.88,0.25,1.3,19.94
-112.076139_40.690921,centroid_583,69.79,8.41,0.51,1.47,19.82
-112.077923_40.708853,centroid_584,69.96,8.22,0.43,1.13,20.25
-112.078284_41.202736,centroid_585,65.67,9.82,0.17,1.38,22.96
-112.078782_41.110175,centroid_586,76.52,6.57,0.15,0.98,15.78
-112.078848_40.700035,centroid_587,70.83,8.36,0.45,1.37,18.99
-112.086272_41.136578,centroid_588,75.68,6.98,0.15,1.01,16.19
-112.092658_41.171545,centroid_589,72.71,7.74,0.11,1.09,18.34
-112.098484_40.696911,centroid_590,69.67,8.51,0.43,1.65,19.74
-112.101679_40.709435,centroid_591,69.8,8.26,0.32,1.35,20.27
-112.1043_41.103239,centroid_592,79.42,5.77,0.09,0.77,13.95
-112.107403_41.287287,centroid_593,67.98,8.99,0.11,1.3,21.61
-112.123063_41.734328,centroid_594,21.41,21.27,0.08,1.27,55.97
-112.124018_41.174112,centroid_595,80.47,5.51,0.07,0.78,13.18
-112.155021_41.709816,centroid_596,19.94,21.36,0.11,1.47,57.12
-112.167066_41.621077,centroid_597,27.15,19.15,0.09,1.5,52.11
-112.181054_41.710585,centroid_598,21.06,21.53,0.08,1.72,55.61
-112.267332_40.622361,centroid_599,69.16,8.18,0.22,1.16,21.29
-112.278959_40.546065,centroid_600,72.8,6.91,0.25,1.2,18.84
-112.28466_40.556315,centroid_601,74.46,6.69,0.21,1.11,17.52
-112.286172_40.536135,centroid_602,72.34,7.34,0.27,1.37,18.68
-112.286607_40.526169,centroid_603,70.9,7.9,0.23,1.47,19.5
-112.289386_40.545078,centroid_604,73.73,6.77,0.22,1.27,18.02
-112.303612_40.627414,centroid_605,73.9,7.07,0.12,1.15,17.77
-112.307294_40.523776,centroid_606,72.69,7.24,0.29,1.5,18.28
-112.307624_40.54359,centroid_607,74.53,6.68,0.23,1.36,17.2
-112.308397_40.639212,centroid_608,75.15,7.12,0.09,1.14,16.5
-112.320972_40.516891,centroid_609,73.34,6.71,0.23,1.34,18.39
-112.332731_40.572103,centroid_610,77.02,5.86,0.05,1.07,16.0
-112.371582_40.420927,centroid_611,70.49,6.33,0.18,1.4,21.59
-112.406054_40.607924,centroid_612,77.11,5.73,0.01,1.16,15.99
-112.425961_41.80798,centroid_613,17.38,27.81,0.06,1.16,53.58
-112.460734_40.594616,centroid_614,78.92,5.16,0.01,0.97,14.95
-112.500689_40.850611,centroid_615,76.79,7.46,0.01,0.5,15.23
-113.660482_40.562716,centroid_616,0.1,1.68,0.0,0.0,98.22
