centroid,centroid_name,GSL,Misc,SevierLake,TooleLake,WestDesert
-111.076544_40.789839,centroid_1,18.76,42.65,3.57,0.6,34.42
-111.276811_40.62636,centroid_2,15.0,38.28,4.32,0.72,41.69
-111.282991_40.698113,centroid_3,18.42,34.62,4.4,0.78,41.77
-111.285765_41.776494,centroid_4,22.01,30.6,2.54,4.82,40.03
-111.364916_40.598384,centroid_5,15.53,35.79,5.47,0.78,42.43
-111.366196_40.490448,centroid_6,13.97,32.68,2.72,0.79,49.83
-111.380301_40.881808,centroid_7,20.5,30.79,10.59,0.82,37.3
-111.399741_40.517545,centroid_8,14.2,33.55,3.99,0.75,47.5
-111.402199_40.499864,centroid_9,14.33,30.54,3.48,0.79,50.87
-111.408202_40.477897,centroid_10,13.95,30.51,2.81,0.86,51.87
-111.420382_40.504007,centroid_11,13.84,31.22,3.92,0.85,50.17
-111.420779_40.48159,centroid_12,13.99,30.88,3.14,0.86,51.13
-111.434906_40.409967,centroid_13,13.48,32.08,1.98,0.69,51.77
-111.440744_40.757146,centroid_14,28.52,25.64,7.7,0.85,37.29
-111.442008_40.974532,centroid_15,35.27,25.42,12.16,0.8,26.36
-111.463355_40.506679,centroid_16,13.61,32.33,4.06,0.78,49.22
-111.47918_40.522269,centroid_17,14.61,32.24,4.73,0.86,47.56
-111.491737_40.657076,centroid_18,24.77,28.16,7.52,0.84,38.7
-111.505176_40.677097,centroid_19,26.95,26.18,8.51,0.76,37.6
-111.510946_40.65549,centroid_20,24.49,28.78,7.6,0.85,38.28
-111.510973_40.749146,centroid_21,35.11,22.34,9.21,0.83,32.51
-111.521423_40.710945,centroid_22,30.34,25.91,9.12,0.84,33.79
-111.523984_40.160043,centroid_23,16.42,31.4,1.32,0.96,49.91
-111.555312_40.702311,centroid_24,27.97,27.92,9.01,0.82,34.28
-111.57445_40.155571,centroid_25,18.71,28.45,0.73,0.94,51.17
-111.578766_40.760625,centroid_26,35.79,25.64,9.16,0.77,28.65
-111.579662_40.141332,centroid_27,17.89,27.89,0.59,0.91,52.72
-111.58085_40.12006,centroid_28,16.55,29.07,0.68,0.93,52.78
-111.586724_40.743115,centroid_29,32.15,28.6,9.36,0.78,29.11
-111.589586_40.153301,centroid_30,18.25,27.53,0.69,0.85,52.68
-111.594259_40.169936,centroid_31,18.57,27.3,1.01,0.91,52.21
-111.600062_40.162271,centroid_32,17.91,27.76,0.87,0.86,52.6
-111.602842_40.150459,centroid_33,17.86,27.9,0.74,0.84,52.66
-111.604913_40.177464,centroid_34,17.77,27.4,0.91,0.9,53.02
-111.608735_40.089857,centroid_35,19.42,28.13,0.42,0.88,51.15
-111.61045_40.126741,centroid_36,18.69,27.62,0.51,0.78,52.4
-111.614768_40.171519,centroid_37,18.03,27.21,0.86,0.88,53.02
-111.618345_40.106963,centroid_38,18.73,28.39,0.48,0.86,51.54
-111.623879_40.092185,centroid_39,18.81,27.76,0.42,0.94,52.07
-111.628876_40.159185,centroid_40,17.89,26.86,0.86,0.8,53.58
-111.62903_40.214505,centroid_41,17.71,28.21,1.28,0.91,51.91
-111.629498_40.123103,centroid_42,18.64,28.13,0.67,0.83,51.73
-111.632447_40.106182,centroid_43,19.27,28.34,0.6,0.87,50.93
-111.634914_40.233733,centroid_44,16.69,27.67,1.75,0.9,52.98
-111.635536_40.253363,centroid_45,16.16,28.26,2.91,0.91,51.76
-111.636945_40.2272,centroid_46,17.41,26.94,1.58,0.94,53.13
-111.638428_40.240275,centroid_47,16.34,26.48,2.23,0.89,54.07
-111.638558_40.096336,centroid_48,20.19,27.38,0.43,0.85,51.16
-111.640686_40.258373,centroid_49,16.07,26.79,3.03,0.98,53.12
-111.64194_40.218808,centroid_50,17.85,26.66,1.35,0.9,53.24
-111.646087_40.11793,centroid_51,19.8,26.38,0.86,0.84,52.12
-111.646814_40.276497,centroid_52,15.85,26.49,3.03,0.88,53.75
-111.64752_40.29044,centroid_53,15.59,27.44,3.37,0.92,52.67
-111.64757_40.110315,centroid_54,20.81,26.69,0.77,0.79,50.94
-111.64853_40.2644,centroid_55,15.98,26.44,2.96,0.89,53.73
-111.648661_40.251416,centroid_56,16.48,27.58,3.0,0.89,52.05
-111.649372_40.230038,centroid_57,17.76,26.14,1.81,0.82,53.47
-111.650703_40.240069,centroid_58,17.54,26.51,2.69,0.85,52.4
-111.650786_40.236052,centroid_59,17.55,25.19,2.06,0.87,54.34
-111.650822_40.243418,centroid_60,16.9,26.37,2.82,0.94,52.96
-111.65995_40.25576,centroid_61,17.19,25.97,2.81,0.89,53.14
-111.660551_40.232836,centroid_62,18.04,26.38,2.42,0.86,52.31
-111.66172_40.114122,centroid_63,21.55,26.95,1.02,0.81,49.67
-111.662169_40.242473,centroid_64,18.11,26.19,2.57,0.87,52.26
-111.662305_40.280341,centroid_65,15.95,25.37,3.09,0.88,54.71
-111.662739_40.083359,centroid_66,21.96,27.18,0.45,0.88,49.53
-111.66314_40.048822,centroid_67,22.14,26.5,0.49,0.76,50.1
-111.666038_40.25546,centroid_68,17.83,25.71,2.6,0.88,52.99
-111.667578_40.222519,centroid_69,18.3,26.48,2.14,0.81,52.27
-111.667748_40.104488,centroid_70,21.82,27.3,1.0,0.84,49.04
-111.66852_40.0218,centroid_71,19.89,29.85,0.62,0.73,48.92
-111.669581_40.31791,centroid_72,15.84,26.11,4.55,0.87,52.63
-111.670525_40.229905,centroid_73,18.04,25.8,2.4,0.86,52.91
-111.670583_40.241261,centroid_74,18.04,25.75,2.37,0.94,52.89
-111.672308_40.260179,centroid_75,17.79,25.46,2.93,0.94,52.88
-111.675307_40.307781,centroid_76,16.34,25.94,4.41,0.98,52.34
-111.675375_40.216548,centroid_77,19.03,25.87,2.07,0.86,52.18
-111.67667_40.301024,centroid_78,17.04,24.96,4.21,0.9,52.89
-111.677531_40.272456,centroid_79,17.46,25.69,3.18,0.88,52.79
-111.678764_40.248673,centroid_80,18.22,26.24,2.69,0.8,52.06
-111.679132_40.28629,centroid_81,17.13,26.3,3.72,0.91,51.93
-111.679405_40.239153,centroid_82,17.9,25.01,2.18,0.9,54.01
-111.680296_40.293406,centroid_83,17.16,25.53,4.2,0.93,52.18
-111.680631_41.034586,centroid_84,40.87,20.35,2.56,2.71,33.51
-111.680815_40.04626,centroid_85,20.94,27.97,0.52,0.82,49.75
-111.683992_40.330432,centroid_86,16.79,25.45,5.23,0.88,51.66
-111.688027_40.253105,centroid_87,18.51,24.97,2.82,0.88,52.82
-111.688126_40.26641,centroid_88,17.69,24.76,3.46,0.85,53.24
-111.690637_40.315477,centroid_89,17.53,25.25,5.03,0.92,51.27
-111.690945_40.341445,centroid_90,16.49,25.04,5.57,0.88,52.03
-111.691222_40.229559,centroid_91,18.9,25.11,2.25,0.9,52.84
-111.692342_40.305926,centroid_92,18.37,25.08,4.82,0.93,50.81
-111.692399_40.281249,centroid_93,18.89,24.87,4.23,0.88,51.13
-111.694003_40.137893,centroid_94,22.86,26.31,1.21,0.87,48.75
-111.696181_40.323257,centroid_95,17.39,25.11,5.0,0.84,51.66
-111.699522_40.29005,centroid_96,19.11,24.67,4.46,0.89,50.87
-111.700685_40.237922,centroid_97,19.62,24.86,2.58,0.9,52.04
-111.700895_40.330228,centroid_98,16.85,25.19,5.38,0.85,51.72
-111.703961_40.267811,centroid_99,19.52,24.05,3.8,0.9,51.74
-111.704086_40.278152,centroid_100,19.78,25.22,4.45,0.87,49.68
-111.705269_40.300141,centroid_101,18.77,25.42,5.17,0.94,49.71
-111.707002_40.356894,centroid_102,17.37,24.83,5.99,0.85,50.96
-111.707774_40.249038,centroid_103,21.27,24.29,3.58,0.88,49.98
-111.710463_40.344773,centroid_104,17.05,25.42,6.02,0.87,50.64
-111.712872_40.307984,centroid_105,19.19,25.28,5.61,0.94,48.99
-111.713951_40.325992,centroid_106,18.33,24.13,5.69,0.92,50.93
-111.715583_40.369104,centroid_107,18.67,25.09,6.58,0.89,48.77
-111.716827_40.286662,centroid_108,20.56,24.44,5.12,0.9,48.98
-111.716853_40.038209,centroid_109,19.46,27.69,0.87,0.8,51.19
-111.716874_40.293379,centroid_110,19.55,24.38,5.0,0.87,50.2
-111.718073_40.31855,centroid_111,18.7,24.68,5.47,0.86,50.29
-111.720009_40.301039,centroid_112,19.86,23.71,5.27,0.87,50.28
-111.721079_40.216928,centroid_113,23.87,24.83,2.86,0.98,47.46
-111.722361_40.273057,centroid_114,21.16,23.99,4.83,0.85,49.15
-111.725362_40.356218,centroid_115,18.15,24.42,6.23,0.89,50.31
-111.727036_40.048777,centroid_116,20.33,26.79,1.05,0.73,51.1
-111.728061_40.280467,centroid_117,21.7,24.06,5.14,0.87,48.23
-111.729658_40.367083,centroid_118,18.65,24.51,6.4,0.9,49.54
-111.730211_40.031261,centroid_119,19.91,27.95,1.32,0.74,50.08
-111.733955_40.340267,centroid_120,19.47,24.22,6.36,0.84,49.11
-111.737492_40.300907,centroid_121,20.88,23.31,5.89,0.86,49.06
-111.738181_41.040237,centroid_122,44.34,17.78,2.08,2.96,32.84
-111.740352_40.381469,centroid_123,20.4,24.14,7.04,0.88,47.54
-111.740466_40.017394,centroid_124,17.2,26.54,1.32,0.74,54.21
-111.743288_40.032656,centroid_125,18.34,27.56,1.49,0.8,51.81
-111.744123_40.285687,centroid_126,22.07,23.58,5.76,0.89,47.69
-111.744399_40.593159,centroid_127,24.06,45.11,8.12,0.51,22.2
-111.749055_41.125046,centroid_128,38.48,20.12,1.22,4.24,35.95
-111.75038_40.303888,centroid_129,21.16,23.12,6.16,0.85,48.71
-111.751071_40.360975,centroid_130,20.49,24.48,6.79,0.92,47.32
-111.751631_40.402618,centroid_131,21.21,23.02,7.45,0.88,47.45
-111.755119_40.37103,centroid_132,20.68,23.6,7.0,0.85,47.87
-111.758195_40.383894,centroid_133,21.83,23.33,7.48,0.84,46.52
-111.75884_40.421882,centroid_134,23.39,22.19,8.15,0.85,45.43
-111.760547_40.052672,centroid_135,19.76,24.98,1.48,0.76,53.03
-111.761646_40.399297,centroid_136,23.09,22.78,7.72,0.82,45.6
-111.76706_40.445054,centroid_137,24.74,21.52,8.32,0.88,44.54
-111.767634_40.363462,centroid_138,21.35,23.16,7.78,0.87,46.84
-111.770417_40.46392,centroid_139,25.65,21.03,8.73,0.81,43.79
-111.770737_40.73081,centroid_140,51.34,16.16,6.36,1.11,25.03
-111.773142_39.968359,centroid_141,17.7,25.26,0.97,0.75,55.32
-111.780287_41.669812,centroid_142,25.78,21.23,0.58,3.27,49.15
-111.7804_40.378335,centroid_143,22.09,23.28,8.36,0.86,45.41
-111.784488_40.390123,centroid_144,22.23,21.71,8.16,0.86,47.04
-111.786278_39.970777,centroid_145,17.88,24.85,0.68,0.77,55.81
-111.787217_39.984341,centroid_146,18.14,24.07,0.99,0.66,56.14
-111.789625_40.369928,centroid_147,22.17,22.86,8.23,0.83,45.9
-111.790522_40.421003,centroid_148,26.51,21.97,8.81,0.9,41.81
-111.79156_40.60039,centroid_149,41.95,18.22,11.01,0.89,27.93
-111.792477_40.674211,centroid_150,49.46,15.75,6.99,0.99,26.81
-111.793161_40.447365,centroid_151,28.46,20.54,8.89,0.85,41.27
-111.794628_41.782695,centroid_152,20.94,22.73,0.26,2.58,53.49
-111.79482_41.308173,centroid_153,39.78,19.48,0.54,3.71,36.48
-111.797104_41.75237,centroid_154,21.71,23.73,0.29,2.19,52.08
-111.801658_40.599156,centroid_155,43.49,17.36,9.91,0.89,28.36
-111.804059_40.615886,centroid_156,44.57,17.08,9.35,0.91,28.08
-111.807543_40.385992,centroid_157,23.12,21.82,8.82,0.84,45.4
-111.807684_40.395088,centroid_158,23.33,22.04,8.93,0.88,44.82
-111.809458_40.402597,centroid_159,23.3,22.01,8.86,0.93,44.92
-111.809883_41.746672,centroid_160,22.69,23.29,0.25,2.11,51.66
-111.809951_41.727347,centroid_161,24.12,23.2,0.25,2.08,50.34
-111.81092_40.693486,centroid_162,52.8,14.06,3.99,1.28,27.87
-111.811418_40.681534,centroid_163,52.03,13.87,4.0,1.34,28.76
-111.812698_40.705096,centroid_164,53.18,13.62,4.06,1.33,27.81
-111.812843_40.738205,centroid_165,55.31,13.52,3.91,1.13,26.12
-111.814136_40.668241,centroid_166,50.87,14.82,5.08,1.09,28.13
-111.815852_40.425107,centroid_167,28.48,20.61,9.14,0.85,40.92
-111.815956_41.688693,centroid_168,24.12,23.14,0.31,2.28,50.16
-111.817619_40.414016,centroid_169,26.4,21.83,9.51,0.85,41.4
-111.818116_41.792341,centroid_170,20.42,24.78,0.31,2.28,52.22
-111.818358_40.725601,centroid_171,55.01,13.29,3.43,1.19,27.08
-111.818717_40.457745,centroid_172,34.97,18.3,9.47,0.77,36.5
-111.818751_41.747656,centroid_173,22.54,24.09,0.27,2.26,50.84
-111.818861_40.583571,centroid_174,43.34,17.48,8.21,0.96,30.01
-111.819036_40.550046,centroid_175,38.71,18.56,9.81,0.98,31.95
-111.81914_40.389094,centroid_176,23.85,21.4,9.27,0.81,44.67
-111.819413_40.628684,centroid_177,47.08,16.33,7.43,1.04,28.12
-111.819544_41.833667,centroid_178,19.23,24.21,0.23,2.04,54.29
-111.820542_41.753457,centroid_179,22.85,23.66,0.29,2.2,51.0
-111.820548_41.709977,centroid_180,24.19,22.56,0.28,2.05,50.92
-111.821178_40.598865,centroid_181,45.45,17.05,7.47,1.08,28.95
-111.821453_41.940066,centroid_182,16.72,24.83,0.16,2.05,56.23
-111.822335_41.768353,centroid_183,21.1,23.38,0.22,2.03,53.27
-111.822358_40.647882,centroid_184,48.98,15.73,6.03,1.1,28.15
-111.822423_40.608806,centroid_185,45.43,16.73,7.05,1.15,29.64
-111.822675_41.731046,centroid_186,23.24,23.14,0.29,2.18,51.15
-111.822761_40.72054,centroid_187,55.39,13.6,3.3,1.21,26.49
-111.82303_40.590995,centroid_188,44.69,16.31,7.3,1.07,30.63
-111.824953_41.739378,centroid_189,23.37,24.2,0.25,2.15,50.03
-111.824977_40.368113,centroid_190,25.19,21.42,9.16,0.81,43.43
-111.825164_40.574221,centroid_191,43.39,17.22,7.51,1.01,30.87
-111.825315_40.618717,centroid_192,46.32,16.24,6.49,1.09,29.87
-111.827578_40.565723,centroid_193,42.02,17.07,7.75,0.99,32.17
-111.83104_41.630386,centroid_194,25.38,23.9,0.26,2.41,48.05
-111.831768_40.76318,centroid_195,57.2,13.43,3.87,0.98,24.53
-111.831813_40.693661,centroid_196,52.38,13.55,3.2,1.15,29.72
-111.832737_40.737207,centroid_197,55.58,13.27,3.2,1.14,26.81
-111.833836_40.729518,centroid_198,55.66,13.2,3.11,1.1,26.93
-111.834129_40.680721,centroid_199,52.56,13.93,3.32,1.19,29.0
-111.834551_40.405548,centroid_200,25.81,21.55,9.96,0.85,41.83
-111.834821_41.571693,centroid_201,25.96,24.17,0.45,2.84,46.58
-111.834867_40.534818,centroid_202,38.65,17.98,9.82,0.9,32.65
-111.835416_40.668251,centroid_203,50.58,13.91,3.39,1.14,30.97
-111.836125_40.745913,centroid_204,56.02,13.39,3.61,0.97,26.01
-111.83622_40.705081,centroid_205,53.84,13.06,2.96,1.09,29.04
-111.836308_40.752159,centroid_206,56.1,13.27,3.56,1.03,26.03
-111.840653_40.425278,centroid_207,31.03,19.49,10.17,0.79,38.52
-111.841414_40.598136,centroid_208,45.02,15.74,5.19,1.13,32.92
-111.84258_41.724841,centroid_209,23.44,23.24,0.24,2.1,50.99
-111.842757_41.742672,centroid_210,21.79,23.5,0.21,2.0,52.49
-111.842942_41.839116,centroid_211,19.32,24.1,0.2,2.01,54.37
-111.843074_40.502221,centroid_212,36.25,19.85,11.74,0.77,31.4
-111.843206_41.758231,centroid_213,21.62,23.36,0.18,2.08,52.76
-111.84356_40.547135,centroid_214,42.44,16.34,6.88,1.11,33.23
-111.8435_40.66169,centroid_215,51.3,14.18,3.29,1.15,30.07
-111.844289_40.587869,centroid_216,45.04,16.27,5.62,1.14,31.93
-111.844394_40.620095,centroid_217,47.96,15.28,4.81,1.12,30.83
-111.844503_40.64516,centroid_218,49.19,14.44,3.88,1.22,31.27
-111.844773_40.571257,centroid_219,44.02,16.21,6.17,1.09,32.5
-111.845813_40.635795,centroid_220,48.79,14.91,4.26,1.21,30.84
-111.846344_39.973192,centroid_221,14.86,23.81,1.75,0.74,58.84
-111.847221_40.715345,centroid_222,54.42,13.16,2.73,1.17,28.51
-111.847278_40.874379,centroid_223,58.46,12.83,2.28,1.72,24.71
-111.847386_40.628148,centroid_224,47.91,15.09,4.26,1.15,31.59
-111.847776_40.729553,centroid_225,56.41,12.98,2.85,1.13,26.63
-111.847802_40.608397,centroid_226,46.4,15.33,4.8,1.12,32.34
-111.847845_40.746043,centroid_227,56.36,12.77,2.77,1.09,27.01
-111.848384_40.73777,centroid_228,55.77,12.78,2.7,1.05,27.69
-111.848461_40.692693,centroid_229,53.49,13.53,2.86,1.16,28.96
-111.848521_40.654587,centroid_230,50.25,14.42,3.71,1.13,30.49
-111.849339_40.679694,centroid_231,51.26,13.75,2.98,1.19,30.83
-111.850591_40.407356,centroid_232,28.3,20.72,10.62,0.86,39.5
-111.851178_40.385298,centroid_233,27.27,20.58,10.24,0.84,41.08
-111.852251_40.722852,centroid_234,55.39,13.14,2.59,1.14,27.73
-111.852338_41.678225,centroid_235,25.27,23.0,0.21,2.19,49.32
-111.852681_40.709441,centroid_236,54.39,13.0,2.67,1.16,28.78
-111.852811_41.296207,centroid_237,41.76,17.62,0.48,3.41,36.73
-111.854272_41.721677,centroid_238,23.13,22.74,0.25,2.04,51.85
-111.857382_40.764701,centroid_239,57.47,12.69,2.68,1.17,25.99
-111.857441_40.756731,centroid_240,57.61,12.52,2.61,1.13,26.13
-111.857552_40.781281,centroid_241,57.93,13.13,2.74,1.25,24.95
-111.858454_40.399603,centroid_242,28.56,20.29,10.52,0.82,39.81
-111.858486_40.371842,centroid_243,29.15,19.11,10.34,0.83,40.58
-111.858701_40.423438,centroid_244,33.23,18.99,11.41,0.81,35.56
-111.859304_40.657416,centroid_245,49.5,13.99,3.24,1.21,32.06
-111.859405_40.641452,centroid_246,48.3,14.75,3.88,1.18,31.89
-111.861182_40.536773,centroid_247,41.88,16.2,6.53,1.19,34.21
-111.861626_40.572519,centroid_248,45.61,15.66,5.11,1.22,32.39
-111.861722_40.729313,centroid_249,56.07,12.72,2.51,1.14,27.56
-111.86177_40.877164,centroid_250,61.3,12.37,1.94,1.97,22.42
-111.86226_40.737444,centroid_251,57.52,12.56,2.37,1.14,26.41
-111.862514_40.669789,centroid_252,51.24,13.98,2.81,1.28,30.69
-111.862619_40.602573,centroid_253,47.03,15.14,4.57,1.26,32.0
-111.862851_40.865278,centroid_254,60.42,12.13,1.77,1.92,23.76
-111.862856_40.745607,centroid_255,58.58,12.18,2.35,1.16,25.72
-111.86297_40.551209,centroid_256,43.33,16.21,5.85,1.2,33.42
-111.863208_40.77244,centroid_257,57.78,12.73,2.83,1.18,25.47
-111.863557_40.681382,centroid_258,52.08,13.37,2.84,1.3,30.41
-111.863717_40.692769,centroid_259,52.76,13.29,2.64,1.16,30.15
-111.863983_40.894304,centroid_260,58.27,13.15,1.91,2.16,24.51
-111.864303_40.704178,centroid_261,53.24,13.09,2.51,1.2,29.96
-111.864406_40.588712,centroid_262,45.87,15.67,4.93,1.21,32.33
-111.864857_40.615566,centroid_263,46.15,15.47,4.33,1.29,32.76
-111.865394_40.492158,centroid_264,36.9,18.18,12.1,0.73,32.09
-111.865449_40.625868,centroid_265,47.07,14.9,4.14,1.33,32.56
-111.866206_41.635103,centroid_266,25.42,22.39,0.16,2.25,49.79
-111.866862_40.755854,centroid_267,59.04,12.11,2.46,1.08,25.3
-111.866996_40.765141,centroid_268,57.88,12.31,2.43,1.13,26.26
-111.868916_40.915806,centroid_269,55.97,14.12,1.89,2.43,25.6
-111.870361_40.504081,centroid_270,37.44,18.47,11.24,0.99,31.86
-111.871449_40.717463,centroid_271,55.03,12.87,2.33,1.1,28.66
-111.872719_40.562795,centroid_272,42.99,15.85,4.97,1.29,34.91
-111.873091_40.426072,centroid_273,33.8,18.59,11.81,0.87,34.93
-111.873714_40.779573,centroid_274,59.09,12.26,2.34,1.28,25.03
-111.874022_40.655416,centroid_275,50.24,14.69,2.9,1.4,30.76
-111.874406_40.676796,centroid_276,50.52,13.79,2.74,1.29,31.66
-111.875063_40.37769,centroid_277,32.5,18.46,10.95,0.81,37.28
-111.875311_40.772914,centroid_278,59.66,11.76,2.28,1.22,25.08
-111.875367_40.636096,centroid_279,47.14,15.01,3.64,1.18,33.03
-111.875672_40.513778,centroid_280,39.8,17.17,9.24,1.06,32.74
-111.875781_40.754422,centroid_281,58.09,12.2,2.13,1.13,26.46
-111.875818_40.764404,centroid_282,60.05,11.68,2.29,1.18,24.79
-111.876157_41.714552,centroid_283,23.31,22.42,0.17,1.96,52.15
-111.877445_40.669124,centroid_284,50.75,13.98,2.79,1.37,31.11
-111.877468_40.70068,centroid_285,53.06,13.27,2.48,1.2,29.99
-111.879471_40.73788,centroid_286,57.15,12.38,2.51,1.13,26.84
-111.87952_40.575392,centroid_287,43.34,15.88,4.7,1.28,34.79
-111.879796_40.729599,centroid_288,56.87,12.62,2.3,1.12,27.09
-111.880198_40.625922,centroid_289,47.08,15.45,4.02,1.24,32.21
-111.880264_40.947095,centroid_290,50.23,14.94,1.45,3.04,30.34
-111.880271_40.536113,centroid_291,41.21,16.3,6.15,1.31,35.03
-111.880354_40.649455,centroid_292,47.3,14.45,3.13,1.35,33.76
-111.880422_40.58988,centroid_293,44.6,15.64,4.59,1.38,33.8
-111.880898_40.614977,centroid_294,45.53,14.99,4.36,1.39,33.72
-111.881104_40.917952,centroid_295,53.78,14.31,1.65,2.37,27.89
-111.881334_40.682113,centroid_296,51.61,13.89,2.85,1.24,30.4
-111.881354_40.549923,centroid_297,42.18,15.94,5.12,1.3,35.47
-111.881768_40.480941,centroid_298,36.93,18.19,12.5,0.85,31.52
-111.881785_40.444442,centroid_299,36.3,18.31,12.58,0.84,31.97
-111.88196_40.764527,centroid_300,58.0,11.74,1.98,1.17,27.11
-111.882175_40.745419,centroid_301,57.39,12.12,2.19,1.12,27.19
-111.882194_40.395414,centroid_302,32.99,18.72,11.48,0.87,35.94
-111.882269_40.694385,centroid_303,52.03,13.52,2.65,1.23,30.57
-111.882317_40.900031,centroid_304,54.75,13.79,1.72,1.97,27.77
-111.88253_40.715604,centroid_305,53.1,13.07,2.45,1.25,30.12
-111.882661_40.889559,centroid_306,57.1,13.02,1.6,1.76,26.52
-111.882759_40.754432,centroid_307,58.09,12.04,2.06,1.14,26.66
-111.882872_40.847279,centroid_308,61.95,11.78,1.67,1.77,22.83
-111.883523_40.60328,centroid_309,44.51,15.85,4.3,1.34,34.0
-111.883623_40.293274,centroid_310,31.57,18.31,10.12,0.88,39.13
-111.883824_40.876949,centroid_311,59.46,12.24,1.57,1.73,25.0
-111.883872_40.77208,centroid_312,59.76,11.65,2.13,1.13,25.33
-111.884464_40.976161,centroid_313,51.15,14.13,1.04,3.47,30.21
-111.884545_40.862897,centroid_314,61.82,11.45,1.54,1.7,23.49
-111.885089_40.792854,centroid_315,62.22,11.43,2.03,1.28,23.04
-111.886449_40.511462,centroid_316,39.21,17.4,9.51,1.03,32.85
-111.891352_40.929521,centroid_317,48.15,15.11,1.28,2.53,32.93
-111.892787_40.773742,centroid_318,60.1,11.78,1.99,1.16,24.97
-111.893005_40.414866,centroid_319,32.24,18.97,13.25,0.79,34.74
-111.893719_40.689976,centroid_320,51.19,14.11,2.78,1.27,30.66
-111.894162_40.67293,centroid_321,49.33,14.57,2.62,1.33,32.15
-111.894345_40.63967,centroid_322,46.56,15.24,3.03,1.47,33.7
-111.894446_40.759154,centroid_323,59.26,11.7,2.09,1.11,25.84
-111.894572_40.738365,centroid_324,56.76,12.5,2.23,1.12,27.38
-111.895844_40.780716,centroid_325,61.97,11.52,1.83,1.1,23.58
-111.895943_40.618485,centroid_326,44.65,15.68,3.88,1.33,34.45
-111.896706_40.598219,centroid_327,43.76,15.52,4.3,1.4,35.02
-111.897019_40.835373,centroid_328,64.47,10.61,1.34,1.46,22.13
-111.898457_40.431784,centroid_329,33.98,18.66,13.13,0.91,33.32
-111.898477_41.004626,centroid_330,47.99,15.11,0.68,3.58,32.65
-111.898566_40.848982,centroid_331,64.24,10.21,1.24,1.26,23.05
-111.898917_40.712146,centroid_332,52.9,13.3,2.45,1.24,30.12
-111.900611_40.763008,centroid_333,60.02,11.92,1.97,1.11,24.99
-111.901059_40.577081,centroid_334,42.47,16.49,4.44,1.49,35.12
-111.901096_40.381123,centroid_335,32.18,18.48,12.38,0.78,36.18
-111.90145_40.313771,centroid_336,32.26,17.58,10.82,0.88,38.46
-111.903059_40.494693,centroid_337,37.49,17.75,9.6,0.98,34.18
-111.903409_40.874213,centroid_338,59.3,11.74,1.34,1.47,26.15
-111.90514_41.046788,centroid_339,46.48,15.93,0.64,3.8,33.15
-111.905287_40.777647,centroid_340,61.42,10.99,1.77,1.14,24.68
-111.905345_40.512322,centroid_341,38.09,16.93,8.42,1.15,35.41
-111.90667_40.768582,centroid_342,61.03,11.17,1.9,1.05,24.86
-111.908197_40.548717,centroid_343,39.91,16.47,4.41,1.52,37.68
-111.909774_40.60506,centroid_344,43.4,16.34,4.12,1.36,34.77
-111.91017_40.344548,centroid_345,29.84,18.24,12.19,0.9,38.83
-111.910584_40.640952,centroid_346,45.58,15.77,3.03,1.62,34.0
-111.911927_40.404989,centroid_347,31.54,18.88,13.19,0.82,35.57
-111.912153_40.657018,centroid_348,46.12,15.25,3.05,1.57,34.01
-111.913802_40.69076,centroid_349,49.37,14.6,2.68,1.24,32.12
-111.91454_40.617895,centroid_350,42.91,16.21,3.78,1.41,35.69
-111.917798_40.669424,centroid_351,47.72,14.9,2.73,1.46,33.18
-111.917933_40.759681,centroid_352,58.15,11.62,1.92,1.15,27.16
-111.918759_40.997252,centroid_353,44.1,15.44,0.53,3.33,36.6
-111.919045_40.377528,centroid_354,30.8,18.58,12.77,0.75,37.11
-111.919316_40.979235,centroid_355,44.01,14.8,0.55,2.87,37.77
-111.919332_40.871186,centroid_356,61.97,10.84,1.01,1.38,24.8
-111.919482_41.118309,centroid_357,49.88,13.85,0.48,2.38,33.4
-111.921111_40.678954,centroid_358,47.07,14.96,2.82,1.35,33.8
-111.921231_40.88004,centroid_359,60.39,10.98,0.91,1.61,26.1
-111.922588_40.558313,centroid_360,40.25,16.93,4.31,1.58,36.94
-111.92275_40.786583,centroid_361,62.52,10.9,1.37,1.25,23.96
-111.923191_40.47861,centroid_362,36.66,18.0,9.35,1.22,34.77
-111.924105_40.777249,centroid_363,62.05,11.12,1.48,1.3,24.05
-111.924804_40.335698,centroid_364,28.36,18.51,12.3,0.86,39.97
-111.925071_41.155453,centroid_365,48.43,14.97,0.57,3.34,32.69
-111.925578_40.604733,centroid_366,42.47,16.8,3.89,1.4,35.43
-111.925846_41.030577,centroid_367,43.61,15.38,0.65,3.36,37.0
-111.926215_40.744741,centroid_368,54.94,12.86,2.0,1.12,29.07
-111.926241_40.851811,centroid_369,65.27,9.86,0.79,1.13,22.94
-111.927711_40.736088,centroid_370,53.52,13.76,2.25,1.08,29.39
-111.928688_40.399346,centroid_371,31.17,18.59,13.42,0.82,36.0
-111.928991_40.65544,centroid_372,45.0,15.53,2.99,1.55,34.92
-111.929727_41.081537,centroid_373,49.67,14.12,0.46,2.66,33.09
-111.929731_40.530127,centroid_374,38.72,16.9,5.12,1.59,37.67
-111.930032_41.01509,centroid_375,42.68,15.43,0.62,2.9,38.37
-111.930398_40.690919,centroid_376,47.42,14.56,2.62,1.26,34.13
-111.930969_40.511697,centroid_377,37.2,17.51,7.1,1.55,36.63
-111.931051_40.754179,centroid_378,56.25,12.56,1.85,1.26,28.08
-111.931138_41.046136,centroid_379,42.63,15.47,0.76,3.32,37.82
-111.93148_41.096188,centroid_380,52.17,13.8,0.59,2.43,31.02
-111.932342_40.761639,centroid_381,57.71,11.81,1.55,1.33,27.6
-111.93295_40.799939,centroid_382,64.47,10.01,1.2,1.28,23.04
-111.933313_40.675933,centroid_383,47.27,15.39,2.87,1.31,33.17
-111.934071_40.623527,centroid_384,43.08,16.62,3.24,1.63,35.43
-111.934084_40.592789,centroid_385,41.9,15.98,3.67,1.58,36.88
-111.934301_40.711598,centroid_386,49.72,14.48,2.42,1.11,32.27
-111.9393_41.227183,centroid_387,48.49,14.0,0.4,2.86,34.26
-111.939733_40.792705,centroid_388,62.3,10.7,1.15,1.26,24.58
-111.940056_40.641576,centroid_389,44.31,15.95,2.92,1.78,35.03
-111.940642_41.173851,centroid_390,48.82,14.29,0.5,2.65,33.74
-111.940766_41.217122,centroid_391,49.57,13.98,0.45,2.75,33.25
-111.941215_41.083909,centroid_392,51.61,13.98,0.47,2.32,31.61
-111.941272_41.056129,centroid_393,44.65,15.24,0.54,2.75,36.81
-111.941333_41.199064,centroid_394,51.33,14.0,0.51,2.82,31.34
-111.942532_41.247578,centroid_395,48.31,14.32,0.44,3.06,33.87
-111.942826_40.571728,centroid_396,40.48,17.11,3.99,1.86,36.56
-111.94356_40.777338,centroid_397,58.75,11.85,1.36,1.33,26.72
-111.943652_40.55176,centroid_398,39.47,16.8,4.04,1.79,37.9
-111.943836_40.686598,centroid_399,47.07,15.15,2.5,1.23,34.05
-111.9439_40.621723,centroid_400,42.54,16.09,3.27,1.65,36.44
-111.944043_40.590137,centroid_401,39.94,16.52,3.36,1.62,38.55
-111.944538_41.122226,centroid_402,53.14,13.62,0.41,2.27,30.56
-111.944691_40.706825,centroid_403,48.23,14.21,2.43,1.12,34.01
-111.94496_41.068263,centroid_404,48.75,14.66,0.48,2.6,33.5
-111.945068_40.79562,centroid_405,61.67,10.84,1.05,1.35,25.09
-111.946263_40.656115,centroid_406,44.44,16.28,2.87,1.53,34.87
-111.947187_40.692683,centroid_407,47.24,15.18,2.44,1.2,33.94
-111.947479_40.675709,centroid_408,46.61,15.43,2.64,1.37,33.96
-111.94759_41.019595,centroid_409,45.31,14.9,0.47,2.76,36.56
-111.948048_40.530825,centroid_410,38.06,17.48,4.38,1.86,38.22
-111.948176_40.512455,centroid_411,36.72,18.11,6.36,1.55,37.26
-111.948691_41.661653,centroid_412,23.0,21.73,0.2,2.07,53.0
-111.948758_41.154417,centroid_413,50.76,13.91,0.47,2.3,32.55
-111.94913_41.310725,centroid_414,45.8,14.78,0.34,3.06,36.01
-111.949585_41.260822,centroid_415,47.83,14.48,0.36,3.05,34.27
-111.953392_41.225632,centroid_416,51.86,12.92,0.36,2.46,32.4
-111.953453_41.197429,centroid_417,53.4,13.17,0.36,2.35,30.72
-111.953459_41.855698,centroid_418,14.54,24.07,0.11,1.69,59.59
-111.954802_41.318583,centroid_419,44.28,14.71,0.37,3.13,37.51
-111.956877_41.296637,centroid_420,46.07,14.57,0.4,3.06,35.9
-111.957299_40.616163,centroid_421,42.53,16.28,3.03,1.77,36.39
-111.957363_41.211189,centroid_422,52.18,13.13,0.33,2.29,32.07
-111.957765_40.632023,centroid_423,43.82,16.39,3.04,1.88,34.87
-111.95837_41.242293,centroid_424,49.62,14.13,0.42,2.67,33.16
-111.95845_40.60327,centroid_425,41.29,16.68,3.31,1.58,37.14
-111.958641_41.2164,centroid_426,52.58,13.6,0.35,2.42,31.06
-111.959008_41.176728,centroid_427,53.78,12.95,0.37,2.04,30.86
-111.959194_41.282302,centroid_428,46.76,14.56,0.49,2.99,35.2
-111.959583_40.660737,centroid_429,45.75,15.28,2.77,1.5,34.7
-111.960089_40.355034,centroid_430,23.37,20.16,13.2,0.91,42.37
-111.96022_40.690792,centroid_431,47.79,15.11,2.56,1.2,33.34
-111.960315_40.372252,centroid_432,23.42,20.85,14.32,0.81,40.6
-111.960869_40.488003,centroid_433,35.68,18.44,7.09,1.26,37.54
-111.961602_41.272077,centroid_434,46.99,14.69,0.44,3.06,34.82
-111.961721_40.675876,centroid_435,45.96,15.56,2.57,1.34,34.58
-111.962521_40.645717,centroid_436,44.39,15.39,2.74,1.62,35.86
-111.962649_40.588946,centroid_437,41.16,16.95,3.37,1.82,36.7
-111.963274_41.204051,centroid_438,52.73,12.88,0.35,2.08,31.95
-111.964209_41.226269,centroid_439,51.52,13.15,0.36,2.27,32.7
-111.964559_40.700084,centroid_440,48.64,14.52,2.38,1.19,33.27
-111.965115_41.2587,centroid_441,47.6,14.65,0.4,2.76,34.59
-111.965807_40.551035,centroid_442,38.54,17.36,3.64,2.09,38.37
-111.965989_40.708888,centroid_443,48.88,14.57,2.11,1.16,33.27
-111.96665_41.024307,centroid_444,47.23,14.59,0.46,2.51,35.22
-111.968218_41.193171,centroid_445,53.91,12.43,0.42,2.0,31.24
-111.968334_41.095162,centroid_446,51.61,13.63,0.52,2.24,31.99
-111.968683_41.082159,centroid_447,51.07,13.7,0.51,2.29,32.43
-111.9686_41.063783,centroid_448,50.37,14.09,0.39,2.28,32.87
-111.968726_40.772193,centroid_449,56.53,12.12,1.04,1.45,28.87
-111.969202_40.510658,centroid_450,36.77,18.1,5.69,1.49,37.96
-111.969521_40.688171,centroid_451,48.02,14.98,2.31,1.22,33.47
-111.971081_40.572403,centroid_452,40.63,17.17,3.42,2.08,36.7
-111.972082_40.616407,centroid_453,42.81,16.31,2.96,1.92,35.99
-111.972178_40.675112,centroid_454,46.95,15.66,2.46,1.45,33.48
-111.973179_41.226044,centroid_455,50.82,13.29,0.33,2.37,33.2
-111.973573_40.604184,centroid_456,41.76,16.85,3.2,1.76,36.42
-111.974005_40.531144,centroid_457,38.52,17.2,3.59,1.94,38.75
-111.974155_41.212538,centroid_458,52.01,12.83,0.32,2.04,32.79
-111.97438_41.203082,centroid_459,51.23,13.18,0.39,2.05,33.15
-111.975047_41.239805,centroid_460,48.72,13.31,0.25,2.35,35.37
-111.975796_40.631238,centroid_461,44.21,16.09,2.98,1.96,34.77
-111.975978_40.544886,centroid_462,39.36,17.61,3.48,2.11,37.44
-111.976022_40.660124,centroid_463,44.64,15.45,2.62,1.52,35.77
-111.977644_40.646834,centroid_464,44.81,16.14,2.67,1.7,34.68
-111.978806_41.179923,centroid_465,56.19,12.38,0.28,1.92,29.23
-111.979543_41.258746,centroid_466,47.55,13.91,0.3,2.64,35.61
-111.980286_41.169234,centroid_467,56.83,12.16,0.35,1.78,28.88
-111.980431_41.284824,centroid_468,47.19,14.62,0.39,2.89,34.9
-111.981298_41.04229,centroid_469,54.07,13.08,0.37,2.17,30.31
-111.981719_41.099645,centroid_470,55.38,13.25,0.44,2.11,28.83
-111.982206_40.688298,centroid_471,48.79,14.59,2.28,1.25,33.09
-111.982771_40.674941,centroid_472,47.71,15.52,2.3,1.6,32.87
-111.983151_41.326667,centroid_473,45.18,14.81,0.38,3.0,36.62
-111.983191_40.357191,centroid_474,21.15,21.25,13.73,1.01,42.86
-111.984192_40.558121,centroid_475,39.67,17.34,3.48,2.17,37.35
-111.985378_41.114437,centroid_476,55.42,12.42,0.4,2.06,29.69
-111.985541_40.628845,centroid_477,44.16,16.15,2.7,2.03,34.96
-111.98624_41.299845,centroid_478,45.65,14.05,0.34,2.88,37.09
-111.987143_41.054503,centroid_479,55.38,12.12,0.36,2.15,29.98
-111.987762_40.584366,centroid_480,41.86,16.16,3.1,1.99,36.89
-111.988183_40.486484,centroid_481,35.6,18.6,4.82,1.74,39.24
-111.989418_41.940102,centroid_482,12.95,23.77,0.14,1.64,61.49
-111.989566_41.095744,centroid_483,58.04,11.92,0.3,1.94,27.8
-111.989971_41.260981,centroid_484,46.98,14.13,0.26,2.72,35.91
-111.990743_40.700582,centroid_485,48.75,14.64,1.86,1.16,33.59
-111.992476_40.643452,centroid_486,46.02,15.84,2.37,1.74,34.03
-111.993479_40.59462,centroid_487,42.4,16.25,2.97,1.98,36.4
-111.993725_40.363105,centroid_488,20.57,21.21,12.82,1.11,44.29
-111.99379_41.081887,centroid_489,57.99,11.91,0.35,1.98,27.77
-111.994723_40.660784,centroid_490,47.19,15.34,2.12,1.67,33.68
-111.995243_40.572848,centroid_491,42.11,16.47,3.09,2.19,36.14
-111.995718_40.674288,centroid_492,47.29,14.9,1.98,1.56,34.27
-111.995826_40.616686,centroid_493,43.72,16.53,2.69,2.05,35.01
-111.996017_40.556347,centroid_494,40.85,17.0,3.47,2.22,36.46
-111.996204_40.688709,centroid_495,48.38,14.6,1.94,1.31,33.78
-111.99729_40.64703,centroid_496,46.72,15.58,2.28,1.83,33.59
-111.997813_41.188851,centroid_497,54.8,12.72,0.32,2.07,30.09
-111.998657_41.219744,centroid_498,50.03,13.52,0.27,2.16,34.02
-112.000428_41.31434,centroid_499,45.56,14.17,0.21,2.89,37.17
-112.000709_40.529665,centroid_500,38.38,16.98,3.5,2.09,39.06
-112.001492_40.541008,centroid_501,39.0,17.13,3.4,2.22,38.24
-112.001644_41.10941,centroid_502,61.85,11.04,0.4,1.83,24.89
-112.003382_41.521646,centroid_503,33.13,18.05,0.18,1.97,46.67
-112.003874_40.617978,centroid_504,44.67,16.41,2.73,2.15,34.04
-112.00425_40.70772,centroid_505,49.39,14.48,1.6,1.33,33.19
-112.004627_41.172579,centroid_506,58.71,12.43,0.25,1.87,26.75
-112.007187_40.662033,centroid_507,47.96,14.81,2.13,1.74,33.36
-112.007791_40.31239,centroid_508,19.83,20.78,13.73,1.0,44.67
-112.008483_41.516544,centroid_509,34.88,17.75,0.16,2.21,45.01
-112.008946_41.267921,centroid_510,46.66,13.95,0.31,2.48,36.59
-112.00913_40.645508,centroid_511,46.03,16.1,2.22,1.9,33.75
-112.009192_41.497793,centroid_512,34.65,17.91,0.19,2.27,44.97
-112.009729_40.483189,centroid_513,36.83,18.62,4.04,1.87,38.64
-112.010258_41.097492,centroid_514,62.04,11.09,0.25,1.78,24.84
-112.011518_40.558685,centroid_515,40.45,17.26,3.09,2.4,36.81
-112.011919_40.30206,centroid_516,19.95,20.89,13.33,1.0,44.83
-112.012235_40.493281,centroid_517,36.94,18.74,3.78,1.99,38.56
-112.012244_40.616436,centroid_518,45.4,16.19,2.46,2.31,33.63
-112.012293_40.678312,centroid_519,48.75,14.65,1.95,1.64,33.02
-112.013095_40.593192,centroid_520,43.9,16.82,2.9,2.34,34.04
-112.013694_41.081241,centroid_521,62.27,10.52,0.27,1.76,25.19
-112.013799_40.502771,centroid_522,37.82,18.24,3.8,1.75,38.39
-112.013847_40.514439,centroid_523,38.06,17.65,3.36,2.46,38.48
-112.013886_40.700084,centroid_524,48.03,14.63,1.69,1.4,34.26
-112.013913_40.68891,centroid_525,47.62,14.6,1.82,1.43,34.54
-112.015179_41.41467,centroid_526,43.65,14.19,0.23,2.69,39.25
-112.015221_40.634595,centroid_527,45.33,15.73,2.27,2.22,34.45
-112.015384_40.672285,centroid_528,49.37,14.75,1.73,1.68,32.47
-112.015703_40.627586,centroid_529,45.41,16.1,2.37,2.34,33.78
-112.016916_41.112229,centroid_530,62.9,10.79,0.36,1.69,24.26
-112.01748_40.360281,centroid_531,21.02,22.08,11.5,1.31,44.09
-112.017792_40.658171,centroid_532,47.14,15.01,1.92,1.79,34.15
-112.019615_40.603192,centroid_533,44.53,16.41,2.47,2.48,34.12
-112.019787_40.646025,centroid_534,45.89,15.09,2.06,1.89,35.07
-112.020384_41.076257,centroid_535,64.56,10.1,0.25,1.62,23.48
-112.023359_40.527993,centroid_536,38.79,17.63,3.12,2.29,38.16
-112.023602_41.521734,centroid_537,34.15,17.2,0.15,2.32,46.18
-112.024698_41.495513,centroid_538,34.72,17.41,0.16,2.4,45.32
-112.028804_40.565908,centroid_539,42.05,17.55,2.93,2.53,34.93
-112.030471_41.18391,centroid_540,58.47,12.3,0.34,1.85,27.05
-112.030958_41.081032,centroid_541,65.81,9.95,0.29,1.58,22.36
-112.031147_41.466594,centroid_542,41.84,15.49,0.23,2.35,40.09
-112.031495_41.140322,centroid_543,61.62,10.79,0.25,1.74,25.6
-112.032504_40.501352,centroid_544,37.43,18.32,3.52,1.97,38.76
-112.032898_40.64508,centroid_545,47.05,16.05,2.01,2.19,32.7
-112.033318_41.169763,centroid_546,60.27,11.67,0.27,1.73,26.06
-112.033448_41.093148,centroid_547,65.02,9.9,0.27,1.52,23.3
-112.034503_41.118399,centroid_548,64.89,10.12,0.23,1.65,23.1
-112.034807_40.628157,centroid_549,46.33,15.96,2.06,2.66,32.99
-112.035582_40.667654,centroid_550,48.05,15.37,1.83,1.85,32.9
-112.036508_40.68917,centroid_551,48.76,15.01,1.85,1.87,32.51
-112.037258_40.678028,centroid_552,48.98,15.07,1.8,1.79,32.35
-112.037353_41.072467,centroid_553,66.82,9.51,0.26,1.48,21.92
-112.038548_40.634744,centroid_554,45.68,15.82,1.89,2.8,33.81
-112.041071_41.31379,centroid_555,46.76,13.95,0.21,2.61,36.47
-112.043027_41.190524,centroid_556,59.39,11.59,0.21,1.83,26.98
-112.043257_40.61559,centroid_557,44.31,17.01,2.09,3.16,33.44
-112.043544_40.48659,centroid_558,35.33,18.31,4.34,2.2,39.82
-112.044004_41.224744,centroid_559,55.54,12.08,0.23,1.79,30.35
-112.04462_41.157065,centroid_560,60.26,11.62,0.26,1.64,26.23
-112.04464_40.416998,centroid_561,28.89,20.31,7.65,1.58,41.57
-112.044962_40.600452,centroid_562,43.36,17.43,2.23,3.23,33.75
-112.045491_41.132929,centroid_563,64.09,10.37,0.22,1.57,23.75
-112.045816_40.708437,centroid_564,47.82,13.82,0.96,1.77,35.64
-112.046692_40.700374,centroid_565,49.62,14.37,1.14,1.96,32.91
-112.046806_41.146064,centroid_566,62.3,10.69,0.24,1.59,25.18
-112.049536_41.16899,centroid_567,60.31,11.14,0.28,1.69,26.58
-112.053406_40.688611,centroid_568,48.76,14.39,1.36,2.12,33.36
-112.054229_41.117017,centroid_569,68.17,9.19,0.22,1.36,21.06
-112.054838_41.096721,centroid_570,69.17,8.67,0.14,1.33,20.68
-112.056705_41.075043,centroid_571,69.33,8.68,0.26,1.34,20.39
-112.057071_41.297894,centroid_572,51.59,12.8,0.2,2.17,33.23
-112.059323_41.084175,centroid_573,70.07,8.48,0.18,1.26,20.02
-112.060049_41.169206,centroid_574,61.15,11.33,0.23,1.72,25.57
-112.061717_41.261283,centroid_575,56.63,11.52,0.14,1.88,29.83
-112.062091_40.612222,centroid_576,46.06,16.74,1.9,3.51,31.79
-112.063742_41.070749,centroid_577,70.44,8.5,0.16,1.29,19.61
-112.06381_40.509627,centroid_578,36.04,18.5,2.9,1.81,40.75
-112.066518_41.183627,centroid_579,62.46,11.03,0.18,1.65,24.68
-112.07398_41.145399,centroid_580,68.87,8.84,0.21,1.3,20.78
-112.074928_41.158589,centroid_581,67.62,9.2,0.15,1.33,21.7
-112.075156_41.169796,centroid_582,65.69,10.04,0.28,1.46,22.53
-112.076139_40.690921,centroid_583,49.6,14.03,0.86,2.45,33.07
-112.077923_40.708853,centroid_584,49.26,13.88,0.73,1.91,34.22
-112.078284_41.202736,centroid_585,61.63,10.97,0.19,1.54,25.67
-112.078782_41.110175,centroid_586,72.82,7.61,0.17,1.13,18.27
-112.078848_40.700035,centroid_587,50.53,14.17,0.77,2.32,32.2
-112.086272_41.136578,centroid_588,72.5,7.89,0.17,1.14,18.31
-112.092658_41.171545,centroid_589,69.47,8.66,0.13,1.22,20.52
-112.098484_40.696911,centroid_590,49.39,14.19,0.72,2.76,32.94
-112.101679_40.709435,centroid_591,49.42,13.84,0.53,2.27,33.95
-112.1043_41.103239,centroid_592,76.3,6.65,0.11,0.89,16.06
-112.107403_41.287287,centroid_593,64.84,9.88,0.12,1.43,23.73
-112.123063_41.734328,centroid_594,15.45,22.88,0.09,1.37,60.22
-112.124018_41.174112,centroid_595,78.19,6.15,0.08,0.87,14.71
-112.155021_41.709816,centroid_596,14.47,22.82,0.12,1.57,61.02
-112.167066_41.621077,centroid_597,19.41,21.19,0.1,1.66,57.64
-112.181054_41.710585,centroid_598,15.28,23.1,0.09,1.85,59.68
-112.267332_40.622361,centroid_599,58.63,10.96,0.3,1.55,28.55
-112.278959_40.546065,centroid_600,63.48,9.28,0.34,1.62,25.29
-112.28466_40.556315,centroid_601,65.6,9.01,0.28,1.5,23.6
-112.286172_40.536135,centroid_602,62.95,9.83,0.36,1.84,25.02
-112.286607_40.526169,centroid_603,61.81,10.36,0.31,1.92,25.6
-112.289386_40.545078,centroid_604,64.67,9.1,0.29,1.7,24.23
-112.303612_40.627414,centroid_605,63.36,9.92,0.16,1.61,24.95
-112.307294_40.523776,centroid_606,63.67,9.64,0.38,2.0,24.31
-112.307624_40.54359,centroid_607,65.82,8.96,0.31,1.83,23.08
-112.308397_40.639212,centroid_608,64.8,10.08,0.13,1.61,23.37
-112.320972_40.516891,centroid_609,64.79,8.86,0.3,1.77,24.28
-112.332731_40.572103,centroid_610,68.7,7.99,0.06,1.46,21.79
-112.371582_40.420927,centroid_611,61.05,8.36,0.24,1.85,28.5
-112.406054_40.607924,centroid_612,66.37,8.42,0.01,1.71,23.49
-112.425961_41.80798,centroid_613,13.04,29.27,0.07,1.22,56.4
-112.460734_40.594616,centroid_614,70.16,7.3,0.01,1.38,21.15
-112.500689_40.850611,centroid_615,49.27,16.3,0.03,1.1,33.3
-113.660482_40.562716,centroid_616,0.06,1.69,0.0,0.0,98.25
