centroid,centroid_name,GSL,Misc,SevierLake,TooleLake,WestDesert
-111.076544_40.789839,centroid_1,28.94,37.3,3.12,0.53,30.11
-111.276811_40.62636,centroid_2,25.51,33.54,3.78,0.63,36.53
-111.282991_40.698113,centroid_3,30.36,29.55,3.76,0.67,35.66
-111.285765_41.776494,centroid_4,35.8,25.19,2.09,3.97,32.96
-111.364916_40.598384,centroid_5,25.92,31.39,4.8,0.68,37.22
-111.366196_40.490448,centroid_6,22.29,29.52,2.46,0.71,45.01
-111.380301_40.881808,centroid_7,32.39,26.19,9.01,0.7,31.72
-111.399741_40.517545,centroid_8,22.65,30.24,3.6,0.68,42.83
-111.402199_40.499864,centroid_9,22.87,27.49,3.13,0.71,45.79
-111.408202_40.477897,centroid_10,21.97,27.66,2.55,0.78,47.04
-111.420382_40.504007,centroid_11,22.23,28.17,3.54,0.77,45.28
-111.420779_40.48159,centroid_12,22.34,27.89,2.83,0.78,46.17
-111.434906_40.409967,centroid_13,21.19,29.23,1.8,0.63,47.15
-111.440744_40.757146,centroid_14,42.51,20.62,6.2,0.68,29.99
-111.442008_40.974532,centroid_15,47.56,20.59,9.85,0.64,21.36
-111.463355_40.506679,centroid_16,22.82,28.88,3.63,0.7,43.97
-111.47918_40.522269,centroid_17,24.67,28.44,4.17,0.76,41.96
-111.491737_40.657076,centroid_18,39.62,22.61,6.04,0.68,31.06
-111.505176_40.677097,centroid_19,42.16,20.73,6.74,0.6,29.77
-111.510946_40.65549,centroid_20,38.91,23.28,6.15,0.69,30.97
-111.510973_40.749146,centroid_21,50.48,17.05,7.03,0.63,24.81
-111.521423_40.710945,centroid_22,45.9,20.12,7.08,0.65,26.24
-111.523984_40.160043,centroid_23,26.47,27.62,1.16,0.84,43.91
-111.555312_40.702311,centroid_24,43.12,22.05,7.11,0.64,27.08
-111.57445_40.155571,centroid_25,30.36,24.37,0.63,0.8,43.83
-111.578766_40.760625,centroid_26,50.92,19.6,7.0,0.59,21.9
-111.579662_40.141332,centroid_27,28.8,24.18,0.51,0.79,45.72
-111.58085_40.12006,centroid_28,26.58,25.57,0.59,0.82,46.43
-111.586724_40.743115,centroid_29,48.13,21.86,7.15,0.6,22.25
-111.589586_40.153301,centroid_30,29.3,23.81,0.59,0.73,45.57
-111.594259_40.169936,centroid_31,30.07,23.45,0.87,0.78,44.83
-111.600062_40.162271,centroid_32,29.03,24.0,0.76,0.74,45.48
-111.602842_40.150459,centroid_33,28.89,24.15,0.64,0.72,45.59
-111.604913_40.177464,centroid_34,29.14,23.61,0.79,0.78,45.69
-111.608735_40.089857,centroid_35,30.15,24.39,0.36,0.76,44.34
-111.61045_40.126741,centroid_36,30.04,23.76,0.44,0.67,45.09
-111.614768_40.171519,centroid_37,28.85,23.62,0.75,0.77,46.02
-111.618345_40.106963,centroid_38,29.73,24.54,0.41,0.75,44.57
-111.623879_40.092185,centroid_39,29.9,23.97,0.36,0.81,44.96
-111.628876_40.159185,centroid_40,28.48,23.4,0.75,0.7,46.67
-111.62903_40.214505,centroid_41,28.72,24.43,1.1,0.78,44.96
-111.629498_40.123103,centroid_42,30.03,24.19,0.58,0.71,44.49
-111.632447_40.106182,centroid_43,30.82,24.28,0.51,0.74,43.64
-111.634914_40.233733,centroid_44,27.67,24.03,1.52,0.78,46.0
-111.635536_40.253363,centroid_45,26.51,24.77,2.55,0.8,45.37
-111.636945_40.2272,centroid_46,28.42,23.35,1.37,0.81,46.04
-111.638428_40.240275,centroid_47,26.62,23.22,1.95,0.78,47.42
-111.638558_40.096336,centroid_48,32.08,23.3,0.36,0.72,43.54
-111.640686_40.258373,centroid_49,26.39,23.5,2.66,0.86,46.59
-111.64194_40.218808,centroid_50,28.53,23.19,1.18,0.78,46.32
-111.646087_40.11793,centroid_51,31.54,22.52,0.73,0.72,44.49
-111.646814_40.276497,centroid_52,25.88,23.33,2.67,0.78,47.35
-111.64752_40.29044,centroid_53,25.56,24.2,2.98,0.81,46.45
-111.64757_40.110315,centroid_54,32.75,22.67,0.65,0.67,43.26
-111.64853_40.2644,centroid_55,26.48,23.14,2.59,0.78,47.01
-111.648661_40.251416,centroid_56,26.89,24.14,2.62,0.78,45.56
-111.649372_40.230038,centroid_57,28.5,22.73,1.58,0.71,46.49
-111.650703_40.240069,centroid_58,28.09,23.12,2.35,0.75,45.7
-111.650786_40.236052,centroid_59,28.11,21.96,1.79,0.76,47.38
-111.650822_40.243418,centroid_60,27.21,23.1,2.47,0.83,46.4
-111.65995_40.25576,centroid_61,27.39,22.77,2.46,0.78,46.59
-111.660551_40.232836,centroid_62,28.71,22.94,2.1,0.74,45.5
-111.66172_40.114122,centroid_63,33.68,22.78,0.86,0.68,41.99
-111.662169_40.242473,centroid_64,28.72,22.8,2.24,0.75,45.49
-111.662305_40.280341,centroid_65,25.98,22.34,2.72,0.78,48.18
-111.662739_40.083359,centroid_66,34.03,22.98,0.38,0.74,41.86
-111.66314_40.048822,centroid_67,33.9,22.5,0.42,0.65,42.53
-111.666038_40.25546,centroid_68,28.28,22.44,2.27,0.77,46.24
-111.667578_40.222519,centroid_69,28.96,23.03,1.86,0.7,45.45
-111.667748_40.104488,centroid_70,34.04,23.03,0.85,0.71,41.37
-111.66852_40.0218,centroid_71,31.55,25.51,0.53,0.62,41.79
-111.669581_40.31791,centroid_72,26.07,22.94,4.0,0.77,46.23
-111.670525_40.229905,centroid_73,28.53,22.49,2.09,0.75,46.13
-111.670583_40.241261,centroid_74,28.48,22.47,2.07,0.82,46.15
-111.672308_40.260179,centroid_75,28.47,22.16,2.55,0.82,46.01
-111.675307_40.307781,centroid_76,26.59,22.76,3.87,0.86,45.93
-111.675375_40.216548,centroid_77,29.73,22.45,1.79,0.74,45.28
-111.67667_40.301024,centroid_78,27.7,21.75,3.67,0.78,46.09
-111.677531_40.272456,centroid_79,27.81,22.47,2.78,0.77,46.17
-111.678764_40.248673,centroid_80,28.85,22.83,2.34,0.69,45.29
-111.679132_40.28629,centroid_81,27.78,22.92,3.24,0.79,45.26
-111.679405_40.239153,centroid_82,28.3,21.84,1.9,0.79,47.16
-111.680296_40.293406,centroid_83,27.95,22.2,3.66,0.81,45.38
-111.680631_41.034586,centroid_84,53.37,16.05,2.02,2.13,26.43
-111.680815_40.04626,centroid_85,32.56,23.85,0.45,0.7,42.44
-111.683992_40.330432,centroid_86,27.07,22.31,4.58,0.77,45.27
-111.688027_40.253105,centroid_87,29.29,21.67,2.45,0.76,45.83
-111.688126_40.26641,centroid_88,28.13,21.61,3.03,0.74,46.49
-111.690637_40.315477,centroid_89,28.57,21.87,4.36,0.79,44.41
-111.690945_40.341445,centroid_90,27.17,21.84,4.85,0.76,45.38
-111.691222_40.229559,centroid_91,29.85,21.72,1.94,0.78,45.71
-111.692342_40.305926,centroid_92,29.31,21.72,4.17,0.8,44.0
-111.692399_40.281249,centroid_93,29.67,21.56,3.67,0.77,44.33
-111.694003_40.137893,centroid_94,36.04,21.81,1.0,0.72,40.42
-111.696181_40.323257,centroid_95,28.07,21.86,4.35,0.73,44.98
-111.699522_40.29005,centroid_96,30.29,21.26,3.85,0.76,43.84
-111.700685_40.237922,centroid_97,30.94,21.36,2.22,0.77,44.71
-111.700895_40.330228,centroid_98,27.62,21.93,4.69,0.74,45.02
-111.703961_40.267811,centroid_99,30.77,20.68,3.27,0.77,44.5
-111.704086_40.278152,centroid_100,31.16,21.64,3.82,0.74,42.63
-111.705269_40.300141,centroid_101,29.79,21.97,4.47,0.81,42.96
-111.707002_40.356894,centroid_102,28.3,21.55,5.19,0.74,44.22
-111.707774_40.249038,centroid_103,32.99,20.67,3.05,0.75,42.54
-111.710463_40.344773,centroid_104,27.72,22.15,5.25,0.76,44.13
-111.712872_40.307984,centroid_105,30.49,21.74,4.82,0.8,42.14
-111.713951_40.325992,centroid_106,29.4,20.86,4.92,0.8,44.03
-111.715583_40.369104,centroid_107,30.09,21.56,5.65,0.77,41.93
-111.716827_40.286662,centroid_108,31.97,20.93,4.38,0.77,41.95
-111.716853_40.038209,centroid_109,30.9,23.76,0.75,0.68,43.91
-111.716874_40.293379,centroid_110,30.74,20.99,4.31,0.75,43.22
-111.718073_40.31855,centroid_111,29.73,21.33,4.73,0.74,43.47
-111.720009_40.301039,centroid_112,31.06,20.4,4.53,0.75,43.26
-111.721079_40.216928,centroid_113,37.03,20.54,2.37,0.81,39.25
-111.722361_40.273057,centroid_114,33.05,20.38,4.1,0.72,41.74
-111.725362_40.356218,centroid_115,29.16,21.14,5.39,0.77,43.54
-111.727036_40.048777,centroid_116,31.86,22.91,0.9,0.63,43.7
-111.728061_40.280467,centroid_117,33.77,20.35,4.35,0.73,40.8
-111.729658_40.367083,centroid_118,29.85,21.13,5.52,0.78,42.72
-111.730211_40.031261,centroid_119,31.22,24.0,1.14,0.63,43.01
-111.733955_40.340267,centroid_120,30.83,20.8,5.46,0.72,42.18
-111.737492_40.300907,centroid_121,32.29,19.94,5.04,0.74,41.98
-111.738181_41.040237,centroid_122,59.76,12.86,1.5,2.14,23.74
-111.740352_40.381469,centroid_123,32.33,20.52,5.98,0.74,40.41
-111.740466_40.017394,centroid_124,27.76,23.15,1.15,0.64,47.29
-111.743288_40.032656,centroid_125,29.22,23.89,1.29,0.7,44.91
-111.744123_40.285687,centroid_126,34.54,19.81,4.84,0.75,40.06
-111.744399_40.593159,centroid_127,38.79,36.36,6.55,0.41,17.89
-111.749055_41.125046,centroid_128,53.53,15.19,0.92,3.2,27.15
-111.75038_40.303888,centroid_129,33.42,19.53,5.2,0.72,41.14
-111.751071_40.360975,centroid_130,32.46,20.8,5.77,0.78,40.2
-111.751631_40.402618,centroid_131,33.33,19.48,6.3,0.74,40.15
-111.755119_40.37103,centroid_132,32.58,20.06,5.95,0.72,40.69
-111.758195_40.383894,centroid_133,34.37,19.58,6.28,0.71,39.06
-111.75884_40.421882,centroid_134,35.83,18.59,6.82,0.71,38.05
-111.760547_40.052672,centroid_135,31.07,21.46,1.27,0.65,45.55
-111.761646_40.399297,centroid_136,35.6,19.07,6.46,0.69,38.18
-111.76706_40.445054,centroid_137,37.4,17.9,6.92,0.73,37.05
-111.767634_40.363462,centroid_138,33.53,19.57,6.58,0.73,39.59
-111.770417_40.46392,centroid_139,38.34,17.44,7.24,0.67,36.31
-111.770737_40.73081,centroid_140,65.03,11.61,4.57,0.8,17.99
-111.773142_39.968359,centroid_141,27.94,22.12,0.85,0.66,48.44
-111.780287_41.669812,centroid_142,34.88,18.63,0.51,2.87,43.12
-111.7804_40.378335,centroid_143,34.55,19.56,7.03,0.72,38.15
-111.784488_40.390123,centroid_144,34.59,18.26,6.86,0.72,39.57
-111.786278_39.970777,centroid_145,28.07,21.77,0.6,0.68,48.89
-111.787217_39.984341,centroid_146,28.71,20.96,0.86,0.58,48.89
-111.789625_40.369928,centroid_147,34.62,19.21,6.91,0.7,38.56
-111.790522_40.421003,centroid_148,40.01,17.93,7.19,0.73,34.13
-111.79156_40.60039,centroid_149,57.91,13.21,7.98,0.64,20.25
-111.792477_40.674211,centroid_150,64.42,11.09,4.92,0.7,18.88
-111.793161_40.447365,centroid_151,42.21,16.59,7.18,0.68,33.34
-111.794628_41.782695,centroid_152,28.29,20.61,0.24,2.34,48.52
-111.79482_41.308173,centroid_153,53.47,15.05,0.42,2.87,28.19
-111.797104_41.75237,centroid_154,29.25,21.45,0.26,1.97,47.07
-111.801658_40.599156,centroid_155,59.49,12.44,7.11,0.64,20.33
-111.804059_40.615886,centroid_156,60.6,12.14,6.65,0.65,19.96
-111.807543_40.385992,centroid_157,36.13,18.13,7.33,0.7,37.72
-111.807684_40.395088,centroid_158,36.26,18.33,7.42,0.73,37.26
-111.809458_40.402597,centroid_159,36.47,18.23,7.33,0.77,37.2
-111.809883_41.746672,centroid_160,30.32,20.99,0.23,1.9,46.56
-111.809951_41.727347,centroid_161,32.15,20.75,0.23,1.86,45.01
-111.81092_40.693486,centroid_162,67.03,9.83,2.79,0.89,19.47
-111.811418_40.681534,centroid_163,66.71,9.63,2.78,0.93,19.96
-111.812698_40.705096,centroid_164,66.94,9.62,2.87,0.94,19.63
-111.812843_40.738205,centroid_165,67.7,9.77,2.83,0.82,18.88
-111.814136_40.668241,centroid_166,66.13,10.21,3.5,0.75,19.4
-111.815852_40.425107,centroid_167,42.28,16.63,7.37,0.69,33.02
-111.815956_41.688693,centroid_168,32.38,20.62,0.28,2.03,44.7
-111.817619_40.414016,centroid_169,40.15,17.75,7.73,0.69,33.66
-111.818116_41.792341,centroid_170,28.05,22.41,0.28,2.06,47.21
-111.818358_40.725601,centroid_171,67.9,9.48,2.44,0.85,19.32
-111.818717_40.457745,centroid_172,48.98,14.36,7.43,0.6,28.63
-111.818751_41.747656,centroid_173,30.41,21.64,0.24,2.03,45.67
-111.818861_40.583571,centroid_174,59.79,12.41,5.82,0.68,21.3
-111.819036_40.550046,centroid_175,54.99,13.63,7.2,0.72,23.46
-111.81914_40.389094,centroid_176,37.16,17.66,7.65,0.66,36.87
-111.819413_40.628684,centroid_177,63.05,11.4,5.19,0.72,19.63
-111.819544_41.833667,centroid_178,26.63,21.99,0.21,1.85,49.32
-111.820542_41.753457,centroid_179,30.69,21.26,0.26,1.98,45.82
-111.820548_41.709977,centroid_180,32.36,20.12,0.25,1.83,45.43
-111.821178_40.598865,centroid_181,61.36,12.08,5.29,0.77,20.51
-111.821453_41.940066,centroid_182,23.63,22.77,0.15,1.88,51.57
-111.822335_41.768353,centroid_183,28.73,21.12,0.2,1.83,48.12
-111.822358_40.647882,centroid_184,64.8,10.86,4.16,0.76,19.43
-111.822423_40.608806,centroid_185,61.7,11.74,4.95,0.81,20.8
-111.822675_41.731046,centroid_186,31.0,20.8,0.26,1.96,45.98
-111.822761_40.72054,centroid_187,68.48,9.61,2.33,0.86,18.72
-111.82303_40.590995,centroid_188,61.06,11.48,5.14,0.75,21.57
-111.824953_41.739378,centroid_189,31.26,21.71,0.23,1.93,44.88
-111.824977_40.368113,centroid_190,38.9,17.49,7.48,0.66,35.47
-111.825164_40.574221,centroid_191,60.14,12.13,5.29,0.71,21.74
-111.825315_40.618717,centroid_192,62.68,11.29,4.51,0.76,20.76
-111.827578_40.565723,centroid_193,58.79,12.13,5.51,0.7,22.86
-111.83104_41.630386,centroid_194,33.95,21.15,0.23,2.14,42.53
-111.831768_40.76318,centroid_195,69.3,9.63,2.77,0.7,17.59
-111.831813_40.693661,centroid_196,67.5,9.25,2.18,0.78,20.28
-111.832737_40.737207,centroid_197,68.57,9.39,2.27,0.8,18.97
-111.833836_40.729518,centroid_198,68.89,9.26,2.18,0.77,18.9
-111.834129_40.680721,centroid_199,67.95,9.41,2.25,0.8,19.59
-111.834551_40.405548,centroid_200,39.5,17.57,8.13,0.69,34.11
-111.834821_41.571693,centroid_201,34.96,21.23,0.4,2.49,40.91
-111.834867_40.534818,centroid_202,54.63,13.3,7.26,0.66,24.15
-111.835416_40.668251,centroid_203,66.52,9.42,2.3,0.77,20.98
-111.836125_40.745913,centroid_204,68.95,9.45,2.55,0.69,18.36
-111.83622_40.705081,centroid_205,68.26,8.98,2.03,0.75,19.97
-111.836308_40.752159,centroid_206,68.85,9.42,2.53,0.73,18.48
-111.840653_40.425278,centroid_207,45.57,15.38,8.02,0.63,30.4
-111.841414_40.598136,centroid_208,61.99,10.88,3.59,0.78,22.76
-111.84258_41.724841,centroid_209,31.77,20.71,0.21,1.87,45.44
-111.842757_41.742672,centroid_210,29.43,21.2,0.19,1.81,47.37
-111.842942_41.839116,centroid_211,27.09,21.78,0.18,1.82,49.14
-111.843074_40.502221,centroid_212,51.78,15.01,8.88,0.59,23.75
-111.843206_41.758231,centroid_213,29.34,21.06,0.16,1.87,47.56
-111.84356_40.547135,centroid_214,59.25,11.57,4.87,0.79,23.53
-111.8435_40.66169,centroid_215,67.32,9.52,2.21,0.77,20.18
-111.844289_40.587869,centroid_216,62.16,11.21,3.87,0.78,21.99
-111.844394_40.620095,centroid_217,64.84,10.32,3.25,0.75,20.83
-111.844503_40.64516,centroid_218,65.45,9.82,2.64,0.83,21.26
-111.844773_40.571257,centroid_219,60.84,11.34,4.32,0.77,22.74
-111.845813_40.635795,centroid_220,65.48,10.05,2.87,0.82,20.78
-111.846344_39.973192,centroid_221,23.8,21.31,1.56,0.67,52.66
-111.847221_40.715345,centroid_222,68.8,9.01,1.87,0.8,19.52
-111.847278_40.874379,centroid_223,72.84,8.39,1.49,1.12,16.16
-111.847386_40.628148,centroid_224,64.72,10.22,2.89,0.78,21.39
-111.847776_40.729553,centroid_225,69.56,9.07,1.99,0.79,18.6
-111.847802_40.608397,centroid_226,63.4,10.47,3.28,0.77,22.09
-111.847845_40.746043,centroid_227,69.06,9.05,1.97,0.77,19.15
-111.848384_40.73777,centroid_228,68.83,9.01,1.91,0.74,19.52
-111.848461_40.692693,centroid_229,68.57,9.14,1.93,0.78,19.57
-111.848521_40.654587,centroid_230,66.52,9.7,2.5,0.76,20.52
-111.849339_40.679694,centroid_231,67.32,9.22,2.0,0.8,20.67
-111.850591_40.407356,centroid_232,42.85,16.51,8.46,0.68,31.49
-111.851178_40.385298,centroid_233,41.98,16.41,8.17,0.67,32.77
-111.852251_40.722852,centroid_234,69.33,9.04,1.78,0.79,19.07
-111.852338_41.678225,centroid_235,33.79,20.38,0.19,1.94,43.7
-111.852681_40.709441,centroid_236,68.87,8.87,1.83,0.79,19.64
-111.852811_41.296207,centroid_237,54.39,13.8,0.37,2.67,28.77
-111.854272_41.721677,centroid_238,31.19,20.36,0.22,1.82,46.41
-111.857382_40.764701,centroid_239,69.97,8.96,1.89,0.83,18.36
-111.857441_40.756731,centroid_240,69.91,8.89,1.85,0.8,18.54
-111.857552_40.781281,centroid_241,70.72,9.14,1.9,0.87,17.37
-111.858454_40.399603,centroid_242,43.21,16.13,8.36,0.65,31.65
-111.858486_40.371842,centroid_243,44.55,14.95,8.09,0.65,31.76
-111.858701_40.423438,centroid_244,48.29,14.71,8.84,0.63,27.54
-111.859304_40.657416,centroid_245,66.52,9.28,2.15,0.8,21.26
-111.859405_40.641452,centroid_246,65.58,9.82,2.58,0.78,21.24
-111.861182_40.536773,centroid_247,59.05,11.42,4.6,0.84,24.1
-111.861626_40.572519,centroid_248,62.7,10.74,3.5,0.84,22.22
-111.861722_40.729313,centroid_249,69.69,8.77,1.74,0.78,19.02
-111.86177_40.877164,centroid_250,73.69,8.41,1.32,1.34,15.24
-111.86226_40.737444,centroid_251,70.36,8.77,1.65,0.79,18.43
-111.862514_40.669789,centroid_252,67.81,9.23,1.86,0.85,20.26
-111.862619_40.602573,centroid_253,64.12,10.26,3.09,0.86,21.67
-111.862851_40.865278,centroid_254,73.25,8.2,1.2,1.3,16.06
-111.862856_40.745607,centroid_255,70.62,8.64,1.67,0.82,18.25
-111.86297_40.551209,centroid_256,60.8,11.21,4.05,0.83,23.11
-111.863208_40.77244,centroid_257,70.15,9.0,2.0,0.84,18.01
-111.863557_40.681382,centroid_258,68.28,8.85,1.88,0.86,20.13
-111.863717_40.692769,centroid_259,68.55,8.85,1.76,0.77,20.07
-111.863983_40.894304,centroid_260,71.17,9.09,1.32,1.49,16.93
-111.864303_40.704178,centroid_261,68.58,8.8,1.68,0.81,20.13
-111.864406_40.588712,centroid_262,63.42,10.59,3.33,0.82,21.85
-111.864857_40.615566,centroid_263,64.0,10.34,2.89,0.86,21.9
-111.865394_40.492158,centroid_264,52.86,13.58,9.04,0.55,23.97
-111.865449_40.625868,centroid_265,64.63,9.96,2.77,0.89,21.76
-111.866206_41.635103,centroid_266,33.72,19.9,0.14,2.0,44.25
-111.866862_40.755854,centroid_267,70.84,8.62,1.75,0.77,18.02
-111.866996_40.765141,centroid_268,70.32,8.67,1.71,0.79,18.5
-111.868916_40.915806,centroid_269,70.39,9.49,1.27,1.63,17.21
-111.870361_40.504081,centroid_270,53.98,13.59,8.27,0.73,23.44
-111.871449_40.717463,centroid_271,69.7,8.67,1.57,0.74,19.31
-111.872719_40.562795,centroid_272,60.86,10.88,3.41,0.88,23.96
-111.873091_40.426072,centroid_273,49.2,14.27,9.06,0.67,26.81
-111.873714_40.779573,centroid_274,71.91,8.42,1.61,0.88,17.18
-111.874022_40.655416,centroid_275,67.83,9.5,1.88,0.91,19.89
-111.874406_40.676796,centroid_276,68.07,8.9,1.77,0.83,20.43
-111.875063_40.37769,centroid_277,48.78,14.01,8.31,0.61,28.29
-111.875311_40.772914,centroid_278,72.16,8.11,1.57,0.84,17.31
-111.875367_40.636096,centroid_279,65.08,9.92,2.4,0.78,21.82
-111.875672_40.513778,centroid_280,57.34,12.16,6.55,0.75,23.2
-111.875781_40.754422,centroid_281,70.46,8.59,1.5,0.8,18.64
-111.875818_40.764404,centroid_282,72.21,8.13,1.59,0.82,17.25
-111.876157_41.714552,centroid_283,31.27,20.09,0.15,1.76,46.73
-111.877445_40.669124,centroid_284,68.18,9.03,1.8,0.88,20.1
-111.877468_40.70068,centroid_285,69.2,8.71,1.62,0.79,19.68
-111.879471_40.73788,centroid_286,70.8,8.43,1.71,0.77,18.29
-111.87952_40.575392,centroid_287,61.82,10.7,3.17,0.86,23.44
-111.879796_40.729599,centroid_288,71.27,8.41,1.53,0.74,18.04
-111.880198_40.625922,centroid_289,65.62,10.04,2.61,0.8,20.93
-111.880264_40.947095,centroid_290,65.86,10.25,1.0,2.08,20.81
-111.880271_40.536113,centroid_291,59.32,11.28,4.26,0.91,24.24
-111.880354_40.649455,centroid_292,65.65,9.42,2.04,0.88,22.01
-111.880422_40.58988,centroid_293,63.19,10.39,3.05,0.91,22.46
-111.880898_40.614977,centroid_294,64.09,9.89,2.87,0.92,22.23
-111.881104_40.917952,centroid_295,68.69,9.69,1.12,1.61,18.89
-111.881334_40.682113,centroid_296,69.27,8.82,1.81,0.79,19.3
-111.881354_40.549923,centroid_297,60.24,10.96,3.52,0.89,24.38
-111.881768_40.480941,centroid_298,53.5,13.41,9.22,0.63,23.24
-111.881785_40.444442,centroid_299,52.68,13.61,9.35,0.62,23.75
-111.88196_40.764527,centroid_300,70.43,8.27,1.4,0.82,19.09
-111.882175_40.745419,centroid_301,70.82,8.3,1.5,0.76,18.62
-111.882194_40.395414,centroid_302,49.61,14.07,8.63,0.65,27.03
-111.882269_40.694385,centroid_303,69.18,8.69,1.7,0.79,19.64
-111.882317_40.900031,centroid_304,70.1,9.11,1.13,1.3,18.35
-111.88253_40.715604,centroid_305,69.05,8.63,1.62,0.82,19.88
-111.882661_40.889559,centroid_306,71.62,8.61,1.06,1.16,17.54
-111.882759_40.754432,centroid_307,70.87,8.37,1.43,0.79,18.54
-111.882872_40.847279,centroid_308,74.65,7.85,1.11,1.18,15.21
-111.883523_40.60328,centroid_309,63.56,10.41,2.83,0.88,22.33
-111.883623_40.293274,centroid_310,49.65,13.47,7.44,0.64,28.79
-111.883824_40.876949,centroid_311,74.0,7.85,1.01,1.11,16.03
-111.883872_40.77208,centroid_312,72.09,8.08,1.48,0.78,17.57
-111.884464_40.976161,centroid_313,67.31,9.46,0.7,2.32,20.22
-111.884545_40.862897,centroid_314,75.06,7.48,1.01,1.11,15.34
-111.885089_40.792854,centroid_315,74.46,7.73,1.37,0.87,15.57
-111.886449_40.511462,centroid_316,57.18,12.26,6.7,0.72,23.14
-111.891352_40.929521,centroid_317,65.15,10.15,0.86,1.7,22.13
-111.892787_40.773742,centroid_318,72.35,8.17,1.38,0.8,17.31
-111.893005_40.414866,centroid_319,49.61,14.11,9.86,0.59,25.84
-111.893719_40.689976,centroid_320,69.24,8.89,1.75,0.8,19.32
-111.894162_40.67293,centroid_321,68.27,9.12,1.64,0.83,20.13
-111.894345_40.63967,centroid_322,65.96,9.7,1.93,0.94,21.47
-111.894446_40.759154,centroid_323,72.41,7.93,1.42,0.75,17.5
-111.894572_40.738365,centroid_324,71.85,8.14,1.45,0.73,17.83
-111.895844_40.780716,centroid_325,73.8,7.94,1.26,0.76,16.25
-111.895943_40.618485,centroid_326,64.3,10.11,2.5,0.86,22.22
-111.896706_40.598219,centroid_327,63.18,10.16,2.82,0.92,22.92
-111.897019_40.835373,centroid_328,76.27,7.08,0.89,0.97,14.78
-111.898457_40.431784,centroid_329,51.34,13.75,9.68,0.67,24.56
-111.898477_41.004626,centroid_330,64.57,10.29,0.46,2.44,22.24
-111.898566_40.848982,centroid_331,77.06,6.55,0.79,0.81,14.79
-111.898917_40.712146,centroid_332,70.51,8.33,1.54,0.77,18.85
-111.900611_40.763008,centroid_333,73.3,7.96,1.31,0.74,16.69
-111.901059_40.577081,centroid_334,62.52,10.74,2.89,0.97,22.88
-111.901096_40.381123,centroid_335,49.78,13.68,9.17,0.58,26.79
-111.90145_40.313771,centroid_336,50.5,12.85,7.91,0.65,28.1
-111.903059_40.494693,centroid_337,56.11,12.46,6.74,0.69,24.0
-111.903409_40.874213,centroid_338,75.53,7.06,0.81,0.88,15.72
-111.90514_41.046788,centroid_339,63.62,10.83,0.44,2.58,22.53
-111.905287_40.777647,centroid_340,73.95,7.42,1.19,0.77,16.67
-111.905345_40.512322,centroid_341,57.1,11.73,5.84,0.8,24.54
-111.90667_40.768582,centroid_342,74.13,7.41,1.26,0.7,16.5
-111.908197_40.548717,centroid_343,60.03,10.95,2.94,1.01,25.07
-111.909774_40.60506,centroid_344,63.9,10.42,2.63,0.87,22.18
-111.91017_40.344548,centroid_345,47.92,13.54,9.05,0.67,28.83
-111.910584_40.640952,centroid_346,66.27,9.77,1.88,1.01,21.08
-111.911927_40.404989,centroid_347,49.77,13.85,9.68,0.6,26.1
-111.912153_40.657018,centroid_348,66.77,9.4,1.88,0.97,20.97
-111.913802_40.69076,centroid_349,69.72,8.73,1.6,0.74,19.21
-111.91454_40.617895,centroid_350,64.1,10.2,2.38,0.88,22.44
-111.917798_40.669424,centroid_351,68.48,8.99,1.65,0.88,20.01
-111.917933_40.759681,centroid_352,72.9,7.53,1.24,0.74,17.58
-111.918759_40.997252,centroid_353,59.82,11.1,0.38,2.39,26.31
-111.919045_40.377528,centroid_354,49.05,13.68,9.4,0.55,27.32
-111.919316_40.979235,centroid_355,61.95,10.06,0.38,1.95,25.67
-111.919332_40.871186,centroid_356,77.7,6.36,0.59,0.81,14.54
-111.919482_41.118309,centroid_357,60.81,10.83,0.37,1.86,26.12
-111.921111_40.678954,centroid_358,68.45,8.92,1.68,0.8,20.14
-111.921231_40.88004,centroid_359,76.79,6.43,0.53,0.94,15.29
-111.922588_40.558313,centroid_360,60.99,11.05,2.81,1.03,24.12
-111.92275_40.786583,centroid_361,75.25,7.2,0.9,0.83,15.82
-111.923191_40.47861,centroid_362,55.86,12.54,6.52,0.85,24.23
-111.924105_40.777249,centroid_363,75.41,7.21,0.96,0.84,15.59
-111.924804_40.335698,centroid_364,45.98,13.96,9.27,0.65,30.13
-111.925071_41.155453,centroid_365,61.78,11.09,0.42,2.48,24.23
-111.925578_40.604733,centroid_366,64.26,10.44,2.42,0.87,22.01
-111.925846_41.030577,centroid_367,59.46,11.06,0.46,2.42,26.6
-111.926215_40.744741,centroid_368,71.73,8.07,1.26,0.71,18.24
-111.926241_40.851811,centroid_369,78.54,6.1,0.49,0.7,14.18
-111.927711_40.736088,centroid_370,71.21,8.52,1.4,0.67,18.21
-111.928688_40.399346,centroid_371,49.31,13.69,9.88,0.61,26.51
-111.928991_40.65544,centroid_372,67.04,9.31,1.79,0.93,20.93
-111.929727_41.081537,centroid_373,62.01,10.66,0.34,2.01,24.98
-111.929731_40.530127,centroid_374,59.39,11.2,3.39,1.05,24.96
-111.930032_41.01509,centroid_375,58.76,11.11,0.44,2.09,27.61
-111.930398_40.690919,centroid_376,69.12,8.55,1.54,0.74,20.04
-111.930969_40.511697,centroid_377,57.61,11.82,4.8,1.05,24.73
-111.931051_40.754179,centroid_378,72.56,7.88,1.16,0.79,17.61
-111.931138_41.046136,centroid_379,58.19,11.28,0.55,2.42,27.56
-111.93148_41.096188,centroid_380,62.85,10.72,0.46,1.89,24.09
-111.932342_40.761639,centroid_381,73.32,7.45,0.98,0.84,17.42
-111.93295_40.799939,centroid_382,76.58,6.6,0.79,0.84,15.19
-111.933313_40.675933,centroid_383,69.02,9.04,1.68,0.77,19.48
-111.934071_40.623527,centroid_384,65.42,10.1,1.97,0.99,21.53
-111.934084_40.592789,centroid_385,63.19,10.12,2.32,1.0,23.36
-111.934301_40.711598,centroid_386,70.53,8.49,1.42,0.65,18.92
-111.9393_41.227183,centroid_387,57.98,11.42,0.32,2.34,27.94
-111.939733_40.792705,centroid_388,75.95,6.83,0.74,0.8,15.68
-111.940056_40.641576,centroid_389,66.89,9.49,1.73,1.06,20.83
-111.940642_41.173851,centroid_390,59.37,11.34,0.4,2.1,26.78
-111.940766_41.217122,centroid_391,59.02,11.36,0.37,2.23,27.02
-111.941215_41.083909,centroid_392,62.25,10.91,0.37,1.81,24.66
-111.941272_41.056129,centroid_393,58.69,11.38,0.4,2.06,27.47
-111.941333_41.199064,centroid_394,60.98,11.23,0.41,2.26,25.13
-111.942532_41.247578,centroid_395,57.83,11.69,0.36,2.5,27.64
-111.942826_40.571728,centroid_396,62.36,10.82,2.52,1.17,23.12
-111.94356_40.777338,centroid_397,74.31,7.38,0.85,0.83,16.64
-111.943652_40.55176,centroid_398,61.31,10.73,2.58,1.14,24.23
-111.943836_40.686598,centroid_399,69.56,8.71,1.44,0.71,19.58
-111.9439_40.621723,centroid_400,65.36,9.7,1.97,1.0,21.97
-111.944043_40.590137,centroid_401,62.42,10.34,2.11,1.01,24.12
-111.944538_41.122226,centroid_402,62.36,10.94,0.33,1.82,24.55
-111.944691_40.706825,centroid_403,70.32,8.15,1.39,0.64,19.5
-111.94496_41.068263,centroid_404,60.58,11.28,0.37,2.0,25.77
-111.945068_40.79562,centroid_405,76.05,6.77,0.66,0.85,15.67
-111.946263_40.656115,centroid_406,67.64,9.48,1.67,0.89,20.31
-111.947187_40.692683,centroid_407,70.05,8.62,1.39,0.68,19.26
-111.947479_40.675709,centroid_408,69.48,8.82,1.51,0.78,19.41
-111.94759_41.019595,centroid_409,61.4,10.51,0.33,1.95,25.8
-111.948048_40.530825,centroid_410,60.13,11.25,2.82,1.2,24.6
-111.948176_40.512455,centroid_411,57.93,12.04,4.23,1.03,24.77
-111.948691_41.661653,centroid_412,30.88,19.5,0.18,1.86,47.57
-111.948758_41.154417,centroid_413,60.41,11.19,0.38,1.85,26.18
-111.94913_41.310725,centroid_414,55.85,12.04,0.28,2.5,29.33
-111.949585_41.260822,centroid_415,57.66,11.75,0.3,2.48,27.82
-111.953392_41.225632,centroid_416,59.87,10.77,0.3,2.05,27.0
-111.953453_41.197429,centroid_417,61.05,11.01,0.3,1.96,25.68
-111.953459_41.855698,centroid_418,20.87,22.29,0.1,1.57,55.18
-111.954802_41.318583,centroid_419,54.42,12.03,0.3,2.56,30.68
-111.956877_41.296637,centroid_420,56.18,11.84,0.32,2.49,29.17
-111.957299_40.616163,centroid_421,65.76,9.7,1.81,1.05,21.68
-111.957363_41.211189,centroid_422,60.24,10.92,0.27,1.91,26.67
-111.957765_40.632023,centroid_423,67.35,9.52,1.77,1.09,20.27
-111.95837_41.242293,centroid_424,58.64,11.6,0.35,2.2,27.22
-111.95845_40.60327,centroid_425,64.83,9.99,1.98,0.95,22.25
-111.958641_41.2164,centroid_426,60.55,11.31,0.29,2.01,25.83
-111.959008_41.176728,centroid_427,61.05,10.92,0.31,1.71,26.01
-111.959194_41.282302,centroid_428,56.84,11.8,0.4,2.42,28.54
-111.959583_40.660737,centroid_429,69.02,8.73,1.58,0.86,19.82
-111.960089_40.355034,centroid_430,37.94,16.33,10.69,0.73,34.31
-111.96022_40.690792,centroid_431,70.49,8.54,1.45,0.68,18.84
-111.960315_40.372252,centroid_432,38.96,16.62,11.41,0.65,32.36
-111.960869_40.488003,centroid_433,57.01,12.32,4.74,0.84,25.09
-111.961602_41.272077,centroid_434,56.76,11.98,0.36,2.5,28.41
-111.961721_40.675876,centroid_435,69.33,8.83,1.46,0.76,19.63
-111.962521_40.645717,centroid_436,67.75,8.92,1.59,0.94,20.79
-111.962649_40.588946,centroid_437,64.68,10.18,2.02,1.09,22.03
-111.963274_41.204051,centroid_438,59.99,10.91,0.3,1.76,27.04
-111.964209_41.226269,centroid_439,59.56,10.97,0.3,1.89,27.28
-111.964559_40.700084,centroid_440,71.35,8.1,1.33,0.66,18.55
-111.965115_41.2587,centroid_441,56.91,12.05,0.33,2.27,28.45
-111.965807_40.551035,centroid_442,62.09,10.71,2.25,1.29,23.66
-111.965989_40.708888,centroid_443,71.63,8.09,1.17,0.65,18.47
-111.96665_41.024307,centroid_444,65.13,9.64,0.3,1.66,23.27
-111.968218_41.193171,centroid_445,60.97,10.53,0.35,1.69,26.46
-111.968334_41.095162,centroid_446,61.72,10.79,0.41,1.77,25.31
-111.968683_41.082159,centroid_447,61.55,10.77,0.4,1.8,25.48
-111.9686_41.063783,centroid_448,61.54,10.92,0.3,1.77,25.48
-111.968726_40.772193,centroid_449,74.24,7.18,0.61,0.86,17.1
-111.969202_40.510658,centroid_450,58.99,11.74,3.69,0.96,24.62
-111.969521_40.688171,centroid_451,70.95,8.37,1.29,0.68,18.71
-111.971081_40.572403,centroid_452,64.16,10.37,2.07,1.26,22.15
-111.972082_40.616407,centroid_453,66.54,9.54,1.73,1.12,21.06
-111.972178_40.675112,centroid_454,70.55,8.69,1.36,0.81,18.59
-111.973179_41.226044,centroid_455,58.9,11.11,0.27,1.98,27.74
-111.973573_40.604184,centroid_456,65.89,9.87,1.88,1.03,21.33
-111.974005_40.531144,centroid_457,61.83,10.68,2.23,1.2,24.06
-111.974155_41.212538,centroid_458,59.46,10.84,0.27,1.72,27.71
-111.97438_41.203082,centroid_459,58.75,11.15,0.33,1.73,28.04
-111.975047_41.239805,centroid_460,57.04,11.15,0.21,1.97,29.63
-111.975796_40.631238,centroid_461,68.23,9.16,1.69,1.12,19.8
-111.975978_40.544886,centroid_462,63.1,10.71,2.12,1.28,22.79
-111.976022_40.660124,centroid_463,69.21,8.59,1.46,0.85,19.9
-111.977644_40.646834,centroid_464,69.42,8.94,1.48,0.94,19.22
-111.978806_41.179923,centroid_465,62.66,10.55,0.24,1.63,24.91
-111.979543_41.258746,centroid_466,56.85,11.44,0.24,2.17,29.29
-111.980286_41.169234,centroid_467,63.2,10.36,0.3,1.52,24.62
-111.980431_41.284824,centroid_468,56.46,12.06,0.32,2.38,28.78
-111.981298_41.04229,centroid_469,66.09,9.66,0.27,1.6,22.38
-111.981719_41.099645,centroid_470,63.88,10.72,0.35,1.7,23.33
-111.982206_40.688298,centroid_471,72.06,7.96,1.24,0.68,18.05
-111.982771_40.674941,centroid_472,71.51,8.46,1.25,0.87,17.91
-111.983151_41.326667,centroid_473,55.2,12.11,0.31,2.45,29.93
-111.983191_40.357191,centroid_474,33.79,17.84,11.53,0.85,35.99
-111.984192_40.558121,centroid_475,63.7,10.43,2.09,1.3,22.47
-111.985378_41.114437,centroid_476,63.0,10.31,0.33,1.71,24.65
-111.985541_40.628845,centroid_477,68.4,9.14,1.53,1.15,19.78
-111.98624_41.299845,centroid_478,55.24,11.57,0.28,2.37,30.54
-111.987143_41.054503,centroid_479,65.47,9.38,0.28,1.67,23.2
-111.987762_40.584366,centroid_480,65.65,9.55,1.83,1.18,21.79
-111.988183_40.486484,centroid_481,57.54,12.26,3.18,1.15,25.87
-111.989418_41.940102,centroid_482,18.61,22.23,0.13,1.54,57.49
-111.989566_41.095744,centroid_483,65.48,9.81,0.25,1.59,22.87
-111.989971_41.260981,centroid_484,56.47,11.6,0.22,2.23,29.48
-111.990743_40.700582,centroid_485,72.49,7.86,1.0,0.62,18.03
-111.992476_40.643452,centroid_486,70.45,8.67,1.3,0.95,18.63
-111.993479_40.59462,centroid_487,66.1,9.56,1.75,1.16,21.42
-111.993725_40.363105,centroid_488,33.02,17.89,10.81,0.93,37.35
-111.99379_41.081887,centroid_489,65.63,9.75,0.28,1.62,22.73
-111.994723_40.660784,centroid_490,71.19,8.37,1.15,0.91,18.38
-111.995243_40.572848,centroid_491,65.86,9.71,1.82,1.29,21.32
-111.995718_40.674288,centroid_492,71.1,8.17,1.08,0.86,18.79
-111.995826_40.616686,centroid_493,68.35,9.3,1.51,1.15,19.69
-111.996017_40.556347,centroid_494,64.83,10.11,2.06,1.32,21.68
-111.996204_40.688709,centroid_495,72.0,7.92,1.05,0.71,18.32
-111.99729_40.64703,centroid_496,70.76,8.55,1.25,1.0,18.43
-111.997813_41.188851,centroid_497,61.78,10.75,0.27,1.75,25.44
-111.998657_41.219744,centroid_498,57.86,11.4,0.23,1.82,28.69
-112.000428_41.31434,centroid_499,55.07,11.69,0.18,2.38,30.67
-112.000709_40.529665,centroid_500,61.92,10.49,2.16,1.29,24.14
-112.001492_40.541008,centroid_501,63.26,10.32,2.05,1.34,23.04
-112.001644_41.10941,centroid_502,67.67,9.35,0.34,1.55,21.09
-112.003382_41.521646,centroid_503,43.47,15.26,0.15,1.67,39.46
-112.003874_40.617978,centroid_504,68.98,9.2,1.53,1.2,19.09
-112.00425_40.70772,centroid_505,73.56,7.57,0.83,0.7,17.34
-112.004627_41.172579,centroid_506,64.67,10.64,0.21,1.6,22.89
-112.007187_40.662033,centroid_507,71.35,8.15,1.17,0.96,18.37
-112.007791_40.31239,centroid_508,30.7,17.96,11.87,0.86,38.61
-112.008483_41.516544,centroid_509,45.68,14.8,0.13,1.84,37.55
-112.008946_41.267921,centroid_510,55.03,11.76,0.26,2.09,30.86
-112.00913_40.645508,centroid_511,70.42,8.82,1.22,1.04,18.5
-112.009192_41.497793,centroid_512,44.78,15.14,0.16,1.92,38.0
-112.009729_40.483189,centroid_513,58.48,12.24,2.65,1.23,25.4
-112.010258_41.097492,centroid_514,67.56,9.48,0.22,1.52,21.23
-112.011518_40.558685,centroid_515,64.55,10.27,1.84,1.43,21.91
-112.011919_40.30206,centroid_516,30.28,18.19,11.61,0.87,39.05
-112.012235_40.493281,centroid_517,58.81,12.24,2.47,1.3,25.19
-112.012244_40.616436,centroid_518,69.39,9.08,1.38,1.3,18.86
-112.012293_40.678312,centroid_519,72.04,7.99,1.06,0.89,18.01
-112.013095_40.593192,centroid_520,67.58,9.72,1.68,1.35,19.67
-112.013694_41.081241,centroid_521,67.91,8.95,0.23,1.49,21.42
-112.013799_40.502771,centroid_522,60.09,11.7,2.44,1.12,24.64
-112.013847_40.514439,centroid_523,60.91,11.14,2.12,1.55,24.29
-112.013886_40.700084,centroid_524,72.79,7.66,0.88,0.73,17.94
-112.013913_40.68891,centroid_525,71.71,7.88,0.98,0.77,18.65
-112.015179_41.41467,centroid_526,53.32,11.75,0.19,2.23,32.51
-112.015221_40.634595,centroid_527,69.73,8.71,1.26,1.23,19.07
-112.015384_40.672285,centroid_528,72.63,7.97,0.94,0.91,17.56
-112.015703_40.627586,centroid_529,69.66,8.95,1.32,1.3,18.77
-112.016916_41.112229,centroid_530,68.05,9.29,0.31,1.46,20.89
-112.01748_40.360281,centroid_531,32.51,18.87,9.82,1.12,37.68
-112.017792_40.658171,centroid_532,70.97,8.24,1.05,0.98,18.75
-112.019615_40.603192,centroid_533,68.36,9.36,1.41,1.41,19.46
-112.019787_40.646025,centroid_534,70.22,8.3,1.13,1.04,19.3
-112.020384_41.076257,centroid_535,69.71,8.63,0.21,1.38,20.06
-112.023359_40.527993,centroid_536,61.28,11.15,1.98,1.45,24.14
-112.023602_41.521734,centroid_537,45.07,14.35,0.13,1.93,38.52
-112.024698_41.495513,centroid_538,45.02,14.66,0.13,2.02,38.17
-112.028804_40.565908,centroid_539,65.22,10.53,1.76,1.52,20.96
-112.030471_41.18391,centroid_540,64.33,10.56,0.29,1.59,23.23
-112.030958_41.081032,centroid_541,70.61,8.55,0.25,1.36,19.22
-112.031147_41.466594,centroid_542,51.25,12.98,0.2,1.97,33.61
-112.031495_41.140322,centroid_543,66.9,9.31,0.21,1.5,22.08
-112.032504_40.501352,centroid_544,59.2,11.94,2.3,1.28,25.28
-112.032898_40.64508,centroid_545,71.2,8.73,1.09,1.19,17.79
-112.033318_41.169763,centroid_546,65.8,10.05,0.23,1.49,22.43
-112.033448_41.093148,centroid_547,69.71,8.57,0.23,1.32,20.17
-112.034503_41.118399,centroid_548,69.56,8.78,0.2,1.43,20.03
-112.034807_40.628157,centroid_549,70.29,8.84,1.14,1.47,18.27
-112.035582_40.667654,centroid_550,71.56,8.41,1.0,1.01,18.01
-112.036508_40.68917,centroid_551,73.0,7.91,0.98,0.98,17.13
-112.037258_40.678028,centroid_552,72.33,8.17,0.98,0.97,17.55
-112.037353_41.072467,centroid_553,71.75,8.1,0.22,1.26,18.66
-112.038548_40.634744,centroid_554,70.04,8.73,1.04,1.54,18.65
-112.041071_41.31379,centroid_555,55.36,11.7,0.18,2.19,30.58
-112.043027_41.190524,centroid_556,65.02,9.98,0.18,1.58,23.24
-112.043257_40.61559,centroid_557,68.34,9.67,1.19,1.8,19.01
-112.043544_40.48659,centroid_558,55.66,12.55,2.97,1.51,27.31
-112.044004_41.224744,centroid_559,61.47,10.47,0.2,1.55,26.31
-112.04462_41.157065,centroid_560,65.63,10.05,0.22,1.41,22.68
-112.04464_40.416998,centroid_561,46.7,15.23,5.73,1.18,31.16
-112.044962_40.600452,centroid_562,66.89,10.19,1.3,1.89,19.73
-112.045491_41.132929,centroid_563,68.95,8.97,0.19,1.36,20.53
-112.045816_40.708437,centroid_564,73.27,7.08,0.49,0.9,18.26
-112.046692_40.700374,centroid_565,73.87,7.45,0.59,1.02,17.07
-112.046806_41.146064,centroid_566,67.43,9.24,0.21,1.37,21.75
-112.049536_41.16899,centroid_567,65.53,9.67,0.24,1.47,23.09
-112.053406_40.688611,centroid_568,72.55,7.71,0.73,1.14,17.87
-112.054229_41.117017,centroid_569,72.35,7.98,0.19,1.18,18.29
-112.054838_41.096721,centroid_570,73.53,7.45,0.12,1.14,17.76
-112.056705_41.075043,centroid_571,73.86,7.4,0.22,1.14,17.38
-112.057071_41.297894,centroid_572,58.74,10.92,0.17,1.85,28.33
-112.059323_41.084175,centroid_573,74.35,7.26,0.15,1.08,17.15
-112.060049_41.169206,centroid_574,66.16,9.87,0.2,1.5,22.27
-112.061717_41.261283,centroid_575,62.36,10.0,0.12,1.63,25.89
-112.062091_40.612222,centroid_576,68.1,9.9,1.12,2.08,18.8
-112.063742_41.070749,centroid_577,74.83,7.23,0.14,1.1,16.7
-112.06381_40.509627,centroid_578,55.45,12.89,2.02,1.26,28.39
-112.066518_41.183627,centroid_579,67.2,9.64,0.16,1.44,21.57
-112.07398_41.145399,centroid_580,72.7,7.75,0.19,1.14,18.23
-112.074928_41.158589,centroid_581,71.56,8.08,0.13,1.17,19.06
-112.075156_41.169796,centroid_582,69.82,8.83,0.24,1.29,19.82
-112.076139_40.690921,centroid_583,72.94,7.53,0.46,1.31,17.75
-112.077923_40.708853,centroid_584,73.65,7.21,0.38,0.99,17.77
-112.078284_41.202736,centroid_585,65.9,9.75,0.17,1.37,22.81
-112.078782_41.110175,centroid_586,76.65,6.53,0.15,0.97,15.7
-112.078848_40.700035,centroid_587,74.16,7.41,0.4,1.21,16.83
-112.086272_41.136578,centroid_588,75.8,6.94,0.15,1.0,16.11
-112.092658_41.171545,centroid_589,72.86,7.7,0.11,1.09,18.24
-112.098484_40.696911,centroid_590,73.63,7.39,0.38,1.44,17.16
-112.101679_40.709435,centroid_591,73.98,7.12,0.27,1.17,17.46
-112.1043_41.103239,centroid_592,79.52,5.74,0.09,0.77,13.88
-112.107403_41.287287,centroid_593,68.17,8.94,0.11,1.3,21.49
-112.123063_41.734328,centroid_594,21.87,21.14,0.08,1.27,55.64
-112.124018_41.174112,centroid_595,80.54,5.49,0.07,0.78,13.13
-112.155021_41.709816,centroid_596,20.36,21.25,0.11,1.46,56.82
-112.167066_41.621077,centroid_597,27.67,19.01,0.09,1.49,51.74
-112.181054_41.710585,centroid_598,21.52,21.4,0.08,1.71,55.28
-112.267332_40.622361,centroid_599,73.48,7.03,0.19,0.99,18.31
-112.278959_40.546065,centroid_600,74.37,6.51,0.24,1.13,17.75
-112.28466_40.556315,centroid_601,75.89,6.32,0.2,1.05,16.54
-112.286172_40.536135,centroid_602,73.92,6.92,0.25,1.29,17.62
-112.286607_40.526169,centroid_603,72.56,7.45,0.22,1.38,18.39
-112.289386_40.545078,centroid_604,75.24,6.38,0.2,1.19,16.98
-112.303612_40.627414,centroid_605,76.06,6.48,0.11,1.05,16.3
-112.307294_40.523776,centroid_606,74.16,6.85,0.27,1.42,17.29
-112.307624_40.54359,centroid_607,75.89,6.32,0.22,1.29,16.28
-112.308397_40.639212,centroid_608,77.46,6.46,0.09,1.03,14.97
-112.320972_40.516891,centroid_609,74.65,6.38,0.21,1.27,17.48
-112.332731_40.572103,centroid_610,78.11,5.58,0.05,1.02,15.24
-112.371582_40.420927,centroid_611,71.56,6.1,0.18,1.35,20.81
-112.406054_40.607924,centroid_612,77.9,5.53,0.01,1.12,15.44
-112.425961_41.80798,centroid_613,17.72,27.69,0.06,1.16,53.36
-112.460734_40.594616,centroid_614,79.68,4.97,0.01,0.94,14.41
-112.500689_40.850611,centroid_615,78.63,6.87,0.01,0.46,14.03
-113.660482_40.562716,centroid_616,0.1,1.68,0.0,0.0,98.21
