,centroid,centroid_name,GSL,Misc,SevierLake,TooleLake,WestDesert
0,-111.076544_40.789839,centroid_1,30.06,36.71,3.07,0.52,29.63
1,-111.276811_40.62636,centroid_2,26.96,32.89,3.71,0.62,35.82
2,-111.282991_40.698113,centroid_3,31.69,28.99,3.68,0.66,34.98
3,-111.285765_41.776494,centroid_4,36.86,24.77,2.05,3.9,32.41
4,-111.364916_40.598384,centroid_5,27.37,30.77,4.7,0.67,36.48
5,-111.366196_40.490448,centroid_6,23.54,29.05,2.42,0.7,44.29
6,-111.380301_40.881808,centroid_7,33.59,25.72,8.84,0.68,31.16
7,-111.399741_40.517545,centroid_8,23.97,29.73,3.54,0.67,42.1
8,-111.402199_40.499864,centroid_9,24.12,27.05,3.08,0.7,45.05
9,-111.408202_40.477897,centroid_10,23.27,27.2,2.51,0.77,46.25
10,-111.420382_40.504007,centroid_11,23.61,27.68,3.48,0.75,44.49
11,-111.420779_40.48159,centroid_12,23.71,27.39,2.78,0.76,45.35
12,-111.434906_40.409967,centroid_13,22.43,28.76,1.77,0.62,46.41
13,-111.440744_40.757146,centroid_14,43.64,20.22,6.07,0.67,29.4
14,-111.442008_40.974532,centroid_15,48.44,20.25,9.68,0.63,21.0
15,-111.463355_40.506679,centroid_16,24.23,28.35,3.56,0.69,43.17
16,-111.47918_40.522269,centroid_17,26.24,27.85,4.08,0.74,41.09
17,-111.491737_40.657076,centroid_18,41.11,22.05,5.89,0.66,30.29
18,-111.505176_40.677097,centroid_19,43.6,20.22,6.57,0.59,29.03
19,-111.510946_40.65549,centroid_20,40.42,22.71,6.0,0.67,30.2
20,-111.510973_40.749146,centroid_21,51.42,16.73,6.9,0.62,24.33
21,-111.521423_40.710945,centroid_22,47.08,19.69,6.93,0.64,25.67
22,-111.523984_40.160043,centroid_23,27.96,27.06,1.14,0.82,43.02
23,-111.555312_40.702311,centroid_24,44.43,21.54,6.95,0.63,26.45
24,-111.57445_40.155571,centroid_25,31.99,23.8,0.61,0.78,42.81
25,-111.578766_40.760625,centroid_26,51.85,19.23,6.87,0.58,21.48
26,-111.579662_40.141332,centroid_27,30.39,23.64,0.5,0.77,44.69
27,-111.58085_40.12006,centroid_28,27.9,25.12,0.58,0.8,45.6
28,-111.586724_40.743115,centroid_29,49.11,21.45,7.02,0.59,21.84
29,-111.589586_40.153301,centroid_30,30.93,23.26,0.58,0.72,44.52
30,-111.594259_40.169936,centroid_31,31.69,22.91,0.85,0.76,43.8
31,-111.600062_40.162271,centroid_32,30.62,23.46,0.74,0.73,44.46
32,-111.602842_40.150459,centroid_33,30.5,23.6,0.63,0.71,44.56
33,-111.604913_40.177464,centroid_34,30.77,23.07,0.77,0.76,44.64
34,-111.608735_40.089857,centroid_35,31.53,23.91,0.36,0.75,43.46
35,-111.61045_40.126741,centroid_36,31.54,23.25,0.43,0.66,44.12
36,-111.614768_40.171519,centroid_37,30.41,23.1,0.73,0.75,45.01
37,-111.618345_40.106963,centroid_38,31.16,24.04,0.4,0.73,43.66
38,-111.623879_40.092185,centroid_39,31.33,23.48,0.36,0.79,44.04
39,-111.628876_40.159185,centroid_40,29.98,22.91,0.74,0.69,45.69
40,-111.62903_40.214505,centroid_41,30.27,23.9,1.08,0.77,43.98
41,-111.629498_40.123103,centroid_42,31.52,23.67,0.57,0.7,43.54
42,-111.632447_40.106182,centroid_43,32.25,23.78,0.5,0.73,42.74
43,-111.634914_40.233733,centroid_44,29.19,23.52,1.49,0.76,45.04
44,-111.635536_40.253363,centroid_45,28.04,24.25,2.5,0.78,44.43
45,-111.636945_40.2272,centroid_46,29.96,22.85,1.34,0.79,45.05
46,-111.638428_40.240275,centroid_47,28.09,22.76,1.92,0.77,46.47
47,-111.638558_40.096336,centroid_48,33.54,22.8,0.36,0.71,42.6
48,-111.640686_40.258373,centroid_49,27.92,23.01,2.61,0.84,45.62
49,-111.64194_40.218808,centroid_50,29.97,22.73,1.15,0.76,45.39
50,-111.646087_40.11793,centroid_51,32.96,22.05,0.72,0.7,43.57
51,-111.646814_40.276497,centroid_52,27.4,22.85,2.62,0.76,46.37
52,-111.64752_40.29044,centroid_53,27.07,23.71,2.92,0.8,45.51
53,-111.64757_40.110315,centroid_54,34.21,22.17,0.64,0.66,42.32
54,-111.64853_40.2644,centroid_55,27.98,22.67,2.53,0.76,46.06
55,-111.648661_40.251416,centroid_56,28.37,23.66,2.57,0.76,44.64
56,-111.649372_40.230038,centroid_57,29.99,22.25,1.54,0.7,45.51
57,-111.650703_40.240069,centroid_58,29.55,22.65,2.3,0.73,44.77
58,-111.650786_40.236052,centroid_59,29.64,21.49,1.75,0.74,46.37
59,-111.650822_40.243418,centroid_60,28.64,22.65,2.42,0.81,45.48
60,-111.65995_40.25576,centroid_61,28.92,22.29,2.41,0.76,45.61
61,-111.660551_40.232836,centroid_62,30.2,22.47,2.06,0.73,44.55
62,-111.66172_40.114122,centroid_63,35.14,22.28,0.84,0.67,41.07
63,-111.662169_40.242473,centroid_64,30.24,22.31,2.19,0.74,44.52
64,-111.662305_40.280341,centroid_65,27.46,21.9,2.67,0.76,47.21
65,-111.662739_40.083359,centroid_66,35.48,22.47,0.37,0.73,40.95
66,-111.66314_40.048822,centroid_67,35.24,22.04,0.41,0.63,41.67
67,-111.666038_40.25546,centroid_68,29.78,21.97,2.22,0.75,45.28
68,-111.667578_40.222519,centroid_69,30.38,22.56,1.83,0.69,44.54
69,-111.667748_40.104488,centroid_70,35.55,22.5,0.83,0.69,40.43
70,-111.66852_40.0218,centroid_71,32.85,25.02,0.52,0.61,41.0
71,-111.669581_40.31791,centroid_72,27.67,22.44,3.91,0.75,45.23
72,-111.670525_40.229905,centroid_73,30.0,22.03,2.05,0.73,45.19
73,-111.670583_40.241261,centroid_74,30.03,21.98,2.03,0.81,45.15
74,-111.672308_40.260179,centroid_75,29.98,21.69,2.49,0.8,45.04
75,-111.675307_40.307781,centroid_76,28.1,22.29,3.79,0.84,44.98
76,-111.675375_40.216548,centroid_77,31.15,22.0,1.76,0.73,44.37
77,-111.67667_40.301024,centroid_78,29.29,21.28,3.59,0.77,45.08
78,-111.677531_40.272456,centroid_79,29.29,22.01,2.72,0.75,45.22
79,-111.678764_40.248673,centroid_80,30.36,22.34,2.29,0.68,44.33
80,-111.679132_40.28629,centroid_81,29.31,22.43,3.17,0.78,44.3
81,-111.679405_40.239153,centroid_82,29.77,21.4,1.87,0.77,46.19
82,-111.680296_40.293406,centroid_83,29.47,21.73,3.58,0.79,44.42
83,-111.680631_41.034586,centroid_84,54.21,15.76,1.98,2.1,25.95
84,-111.680815_40.04626,centroid_85,34.08,23.32,0.44,0.69,41.48
85,-111.683992_40.330432,centroid_86,28.68,21.81,4.48,0.75,44.27
86,-111.688027_40.253105,centroid_87,30.82,21.2,2.39,0.74,44.85
87,-111.688126_40.26641,centroid_88,29.73,21.13,2.96,0.73,45.45
88,-111.690637_40.315477,centroid_89,30.17,21.38,4.26,0.78,43.41
89,-111.690945_40.341445,centroid_90,28.8,21.35,4.74,0.75,44.36
90,-111.691222_40.229559,centroid_91,31.3,21.28,1.9,0.76,44.76
91,-111.692342_40.305926,centroid_92,30.82,21.26,4.08,0.78,43.06
92,-111.692399_40.281249,centroid_93,31.24,21.08,3.59,0.75,43.34
93,-111.694003_40.137893,centroid_94,37.61,21.28,0.98,0.71,39.43
94,-111.696181_40.323257,centroid_95,29.59,21.4,4.26,0.72,44.03
95,-111.699522_40.29005,centroid_96,31.82,20.79,3.76,0.75,42.88
96,-111.700685_40.237922,centroid_97,32.41,20.91,2.17,0.76,43.76
97,-111.700895_40.330228,centroid_98,29.22,21.45,4.58,0.73,44.03
98,-111.703961_40.267811,centroid_99,32.34,20.21,3.19,0.75,43.49
99,-111.704086_40.278152,centroid_100,32.74,21.15,3.73,0.73,41.65
100,-111.705269_40.300141,centroid_101,31.4,21.46,4.37,0.79,41.98
101,-111.707002_40.356894,centroid_102,29.9,21.07,5.08,0.72,43.23
102,-111.707774_40.249038,centroid_103,34.56,20.19,2.98,0.73,41.54
103,-111.710463_40.344773,centroid_104,29.32,21.66,5.13,0.74,43.15
104,-111.712872_40.307984,centroid_105,32.07,21.25,4.71,0.79,41.18
105,-111.713951_40.325992,centroid_106,30.94,20.4,4.81,0.78,43.07
106,-111.715583_40.369104,centroid_107,31.73,21.06,5.52,0.75,40.94
107,-111.716827_40.286662,centroid_108,33.53,20.45,4.28,0.76,40.99
108,-111.716853_40.038209,centroid_109,32.39,23.24,0.73,0.67,42.97
109,-111.716874_40.293379,centroid_110,32.23,20.54,4.22,0.73,42.29
110,-111.718073_40.31855,centroid_111,31.24,20.87,4.63,0.73,42.53
111,-111.720009_40.301039,centroid_112,32.51,19.97,4.44,0.73,42.35
112,-111.721079_40.216928,centroid_113,38.53,20.05,2.31,0.79,38.32
113,-111.722361_40.273057,centroid_114,34.6,19.9,4.01,0.71,40.78
114,-111.725362_40.356218,centroid_115,30.69,20.68,5.27,0.76,42.6
115,-111.727036_40.048777,centroid_116,33.28,22.43,0.88,0.61,42.79
116,-111.728061_40.280467,centroid_117,35.3,19.88,4.25,0.72,39.86
117,-111.729658_40.367083,centroid_118,31.45,20.65,5.4,0.76,41.75
118,-111.730211_40.031261,centroid_119,32.72,23.48,1.11,0.62,42.07
119,-111.733955_40.340267,centroid_120,32.37,20.34,5.34,0.71,41.24
120,-111.737492_40.300907,centroid_121,33.81,19.5,4.93,0.72,41.04
121,-111.738181_41.040237,centroid_122,60.52,12.61,1.47,2.1,23.29
122,-111.740352_40.381469,centroid_123,33.91,20.05,5.84,0.73,39.47
123,-111.740466_40.017394,centroid_124,29.24,22.68,1.13,0.63,46.32
124,-111.743288_40.032656,centroid_125,30.75,23.37,1.26,0.68,43.94
125,-111.744123_40.285687,centroid_126,36.11,19.33,4.72,0.73,39.1
126,-111.744399_40.593159,centroid_127,39.84,35.73,6.44,0.4,17.59
127,-111.749055_41.125046,centroid_128,54.42,14.9,0.9,3.14,26.63
128,-111.75038_40.303888,centroid_129,34.95,19.08,5.08,0.7,40.19
129,-111.751071_40.360975,centroid_130,33.99,20.33,5.64,0.76,39.29
130,-111.751631_40.402618,centroid_131,34.83,19.04,6.16,0.73,39.24
131,-111.755119_40.37103,centroid_132,34.06,19.62,5.82,0.7,39.8
132,-111.758195_40.383894,centroid_133,35.87,19.14,6.14,0.69,38.16
133,-111.75884_40.421882,centroid_134,37.26,18.17,6.67,0.69,37.2
134,-111.760547_40.052672,centroid_135,32.58,20.99,1.24,0.64,44.55
135,-111.761646_40.399297,centroid_136,37.04,18.64,6.32,0.67,37.32
136,-111.76706_40.445054,centroid_137,38.83,17.49,6.76,0.71,36.2
137,-111.767634_40.363462,centroid_138,35.05,19.12,6.43,0.72,38.68
138,-111.770417_40.46392,centroid_139,39.73,17.05,7.07,0.66,35.49
139,-111.770737_40.73081,centroid_140,65.69,11.39,4.48,0.78,17.65
140,-111.773142_39.968359,centroid_141,29.62,21.6,0.83,0.64,47.31
141,-111.780287_41.669812,centroid_142,35.68,18.4,0.5,2.83,42.59
142,-111.7804_40.378335,centroid_143,36.02,19.12,6.87,0.7,37.29
143,-111.784488_40.390123,centroid_144,36.03,17.86,6.71,0.71,38.69
144,-111.786278_39.970777,centroid_145,29.82,21.24,0.58,0.66,47.7
145,-111.787217_39.984341,centroid_146,30.48,20.44,0.84,0.56,47.67
146,-111.789625_40.369928,centroid_147,36.15,18.76,6.75,0.68,37.66
147,-111.790522_40.421003,centroid_148,41.38,17.52,7.03,0.72,33.35
148,-111.79156_40.60039,centroid_149,58.83,12.92,7.81,0.63,19.81
149,-111.792477_40.674211,centroid_150,65.13,10.87,4.82,0.69,18.5
150,-111.793161_40.447365,centroid_151,43.45,16.24,7.03,0.67,32.62
151,-111.794628_41.782695,centroid_152,28.95,20.42,0.23,2.32,48.07
152,-111.79482_41.308173,centroid_153,54.27,14.79,0.41,2.82,27.7
153,-111.797104_41.75237,centroid_154,29.92,21.25,0.26,1.96,46.62
154,-111.801658_40.599156,centroid_155,60.38,12.17,6.95,0.62,19.88
155,-111.804059_40.615886,centroid_156,61.46,11.88,6.5,0.64,19.53
156,-111.807543_40.385992,centroid_157,37.65,17.7,7.15,0.68,36.82
157,-111.807684_40.395088,centroid_158,37.75,17.9,7.25,0.71,36.39
158,-111.809458_40.402597,centroid_159,37.93,17.81,7.17,0.75,36.35
159,-111.809883_41.746672,centroid_160,31.02,20.78,0.22,1.88,46.1
160,-111.809951_41.727347,centroid_161,32.88,20.52,0.22,1.84,44.53
161,-111.81092_40.693486,centroid_162,67.76,9.61,2.73,0.87,19.04
162,-111.811418_40.681534,centroid_163,67.42,9.42,2.72,0.91,19.53
163,-111.812698_40.705096,centroid_164,67.61,9.42,2.81,0.92,19.24
164,-111.812843_40.738205,centroid_165,68.38,9.57,2.77,0.8,18.49
165,-111.814136_40.668241,centroid_166,66.81,10.01,3.44,0.74,19.01
166,-111.815852_40.425107,centroid_167,43.58,16.26,7.21,0.67,32.28
167,-111.815956_41.688693,centroid_168,33.07,20.41,0.27,2.01,44.24
168,-111.817619_40.414016,centroid_169,41.53,17.34,7.56,0.68,32.89
169,-111.818116_41.792341,centroid_170,28.74,22.19,0.27,2.04,46.76
170,-111.818358_40.725601,centroid_171,68.55,9.29,2.4,0.83,18.93
171,-111.818717_40.457745,centroid_172,50.0,14.07,7.28,0.59,28.06
172,-111.818751_41.747656,centroid_173,31.13,21.42,0.24,2.01,45.2
173,-111.818861_40.583571,centroid_174,60.68,12.13,5.7,0.67,20.83
174,-111.819036_40.550046,centroid_175,55.9,13.35,7.06,0.71,22.99
175,-111.81914_40.389094,centroid_176,38.7,17.23,7.46,0.65,35.96
176,-111.819413_40.628684,centroid_177,63.84,11.16,5.08,0.71,19.22
177,-111.819544_41.833667,centroid_178,27.32,21.78,0.21,1.84,48.86
178,-111.820542_41.753457,centroid_179,31.4,21.04,0.26,1.96,45.35
179,-111.820548_41.709977,centroid_180,33.08,19.91,0.25,1.81,44.95
180,-111.821178_40.598865,centroid_181,62.24,11.8,5.17,0.75,20.04
181,-111.821453_41.940066,centroid_182,24.26,22.59,0.15,1.87,51.14
182,-111.822335_41.768353,centroid_183,29.43,20.91,0.19,1.82,47.64
183,-111.822358_40.647882,centroid_184,65.49,10.64,4.08,0.75,19.04
184,-111.822423_40.608806,centroid_185,62.6,11.47,4.83,0.79,20.31
185,-111.822675_41.731046,centroid_186,31.63,20.61,0.25,1.94,45.56
186,-111.822761_40.72054,centroid_187,69.17,9.4,2.28,0.84,18.31
187,-111.82303_40.590995,centroid_188,61.92,11.23,5.03,0.73,21.09
188,-111.824953_41.739378,centroid_189,31.92,21.5,0.22,1.91,44.45
189,-111.824977_40.368113,centroid_190,40.4,17.06,7.29,0.64,34.6
190,-111.825164_40.574221,centroid_191,60.99,11.86,5.17,0.7,21.27
191,-111.825315_40.618717,centroid_192,63.51,11.04,4.41,0.74,20.3
192,-111.827578_40.565723,centroid_193,59.67,11.87,5.39,0.69,22.38
193,-111.83104_41.630386,centroid_194,34.71,20.91,0.23,2.11,42.04
194,-111.831768_40.76318,centroid_195,69.88,9.45,2.72,0.69,17.26
195,-111.831813_40.693661,centroid_196,68.16,9.06,2.14,0.77,19.87
196,-111.832737_40.737207,centroid_197,69.31,9.17,2.21,0.79,18.52
197,-111.833836_40.729518,centroid_198,69.59,9.05,2.13,0.76,18.47
198,-111.834129_40.680721,centroid_199,68.55,9.23,2.2,0.79,19.22
199,-111.834551_40.405548,centroid_200,40.9,17.16,7.94,0.68,33.32
200,-111.834821_41.571693,centroid_201,35.79,20.96,0.39,2.46,40.39
201,-111.834867_40.534818,centroid_202,55.56,13.03,7.11,0.65,23.65
202,-111.835416_40.668251,centroid_203,67.15,9.25,2.26,0.76,20.58
203,-111.836125_40.745913,centroid_204,69.56,9.27,2.5,0.67,18.0
204,-111.83622_40.705081,centroid_205,68.91,8.8,1.99,0.73,19.56
205,-111.836308_40.752159,centroid_206,69.5,9.22,2.47,0.72,18.09
206,-111.840653_40.425278,centroid_207,46.81,15.03,7.84,0.61,29.71
207,-111.841414_40.598136,centroid_208,62.93,10.61,3.5,0.76,22.2
208,-111.84258_41.724841,centroid_209,32.5,20.49,0.21,1.85,44.95
209,-111.842757_41.742672,centroid_210,30.09,21.0,0.19,1.79,46.92
210,-111.842942_41.839116,centroid_211,27.75,21.58,0.18,1.8,48.69
211,-111.843074_40.502221,centroid_212,52.8,14.69,8.69,0.57,23.24
212,-111.843206_41.758231,centroid_213,29.97,20.87,0.16,1.86,47.14
213,-111.84356_40.547135,centroid_215,60.16,11.31,4.77,0.77,23.0
214,-111.8435_40.66169,centroid_214,67.95,9.33,2.17,0.76,19.79
215,-111.844289_40.587869,centroid_216,63.04,10.94,3.78,0.77,21.47
216,-111.844394_40.620095,centroid_217,65.66,10.08,3.18,0.74,20.35
217,-111.844503_40.64516,centroid_218,66.16,9.61,2.59,0.81,20.83
218,-111.844773_40.571257,centroid_219,61.78,11.07,4.21,0.75,22.19
219,-111.845813_40.635795,centroid_220,66.22,9.83,2.81,0.8,20.34
220,-111.846344_39.973192,centroid_221,25.63,20.8,1.52,0.65,51.4
221,-111.847221_40.715345,centroid_222,69.43,8.83,1.83,0.79,19.13
222,-111.847278_40.874379,centroid_223,73.35,8.23,1.46,1.1,15.86
223,-111.847386_40.628148,centroid_224,65.5,9.99,2.82,0.76,20.92
224,-111.847776_40.729553,centroid_225,70.22,8.87,1.95,0.77,18.19
225,-111.847802_40.608397,centroid_226,64.29,10.21,3.2,0.75,21.55
226,-111.847845_40.746043,centroid_227,69.78,8.84,1.92,0.75,18.71
227,-111.848384_40.73777,centroid_228,69.62,8.78,1.86,0.72,19.02
228,-111.848461_40.692693,centroid_229,69.11,8.99,1.9,0.77,19.24
229,-111.848521_40.654587,centroid_230,67.19,9.51,2.45,0.74,20.11
230,-111.849339_40.679694,centroid_231,67.89,9.05,1.96,0.78,20.31
231,-111.850591_40.407356,centroid_232,44.24,16.11,8.26,0.66,30.72
232,-111.851178_40.385298,centroid_233,43.5,15.98,7.95,0.65,31.91
233,-111.852251_40.722852,centroid_234,69.94,8.86,1.74,0.77,18.69
234,-111.852338_41.678225,centroid_235,34.49,20.16,0.19,1.92,43.24
235,-111.852681_40.709441,centroid_236,69.46,8.7,1.79,0.77,19.27
236,-111.852811_41.296207,centroid_237,55.14,13.58,0.37,2.62,28.29
237,-111.854272_41.721677,centroid_238,31.86,20.16,0.22,1.81,45.96
238,-111.857382_40.764701,centroid_239,70.75,8.73,1.84,0.81,17.88
239,-111.857441_40.756731,centroid_240,70.69,8.66,1.8,0.78,18.07
240,-111.857552_40.781281,centroid_241,71.43,8.92,1.86,0.85,16.95
241,-111.858454_40.399603,centroid_242,44.62,15.73,8.15,0.63,30.86
242,-111.858486_40.371842,centroid_243,46.03,14.55,7.88,0.63,30.9
243,-111.858701_40.423438,centroid_244,49.42,14.39,8.64,0.61,26.94
244,-111.859304_40.657416,centroid_245,67.27,9.07,2.1,0.78,20.78
245,-111.859405_40.641452,centroid_246,66.36,9.6,2.53,0.77,20.75
246,-111.861182_40.536773,centroid_247,60.13,11.11,4.48,0.81,23.47
247,-111.861626_40.572519,centroid_248,63.75,10.44,3.4,0.82,21.59
248,-111.861722_40.729313,centroid_249,70.31,8.59,1.7,0.77,18.63
249,-111.86177_40.877164,centroid_250,74.15,8.27,1.3,1.31,14.98
250,-111.86226_40.737444,centroid_251,70.99,8.58,1.62,0.78,18.04
251,-111.862514_40.669789,centroid_252,68.48,9.04,1.82,0.83,19.84
252,-111.862619_40.602573,centroid_253,65.1,9.98,3.01,0.83,21.08
253,-111.862851_40.865278,centroid_254,73.77,8.04,1.18,1.27,15.74
254,-111.862856_40.745607,centroid_255,71.28,8.45,1.63,0.8,17.84
255,-111.86297_40.551209,centroid_256,61.89,10.9,3.93,0.81,22.47
256,-111.863208_40.77244,centroid_257,70.83,8.8,1.96,0.82,17.6
257,-111.863557_40.681382,centroid_258,68.9,8.68,1.84,0.84,19.74
258,-111.863717_40.692769,centroid_259,69.12,8.68,1.73,0.76,19.71
259,-111.863983_40.894304,centroid_260,71.74,8.91,1.29,1.46,16.6
260,-111.864303_40.704178,centroid_261,69.18,8.63,1.65,0.79,19.75
261,-111.864406_40.588712,centroid_262,64.49,10.28,3.23,0.79,21.21
262,-111.864857_40.615566,centroid_263,64.98,10.06,2.81,0.84,21.31
263,-111.865394_40.492158,centroid_264,53.88,13.29,8.85,0.53,23.45
264,-111.865449_40.625868,centroid_265,65.58,9.69,2.69,0.87,21.17
265,-111.866206_41.635103,centroid_266,34.43,19.68,0.14,1.98,43.77
266,-111.866862_40.755854,centroid_267,71.51,8.43,1.71,0.75,17.6
267,-111.866996_40.765141,centroid_268,71.01,8.47,1.67,0.78,18.07
268,-111.868916_40.915806,centroid_269,71.06,9.28,1.24,1.6,16.82
269,-111.870361_40.504081,centroid_270,55.07,13.27,8.07,0.71,22.88
270,-111.871449_40.717463,centroid_271,70.26,8.51,1.54,0.73,18.96
271,-111.872719_40.562795,centroid_272,62.05,10.55,3.31,0.86,23.24
272,-111.873091_40.426072,centroid_273,50.31,13.95,8.86,0.65,26.22
273,-111.873714_40.779573,centroid_274,72.55,8.23,1.57,0.86,16.79
274,-111.874022_40.655416,centroid_275,68.67,9.25,1.83,0.88,19.37
275,-111.874406_40.676796,centroid_276,68.77,8.71,1.73,0.81,19.98
276,-111.875063_40.37769,centroid_277,50.22,13.62,8.07,0.6,27.49
277,-111.875311_40.772914,centroid_278,72.77,7.94,1.54,0.83,16.93
278,-111.875367_40.636096,centroid_279,66.05,9.64,2.34,0.76,21.21
279,-111.875672_40.513778,centroid_280,58.45,11.85,6.38,0.73,22.59
280,-111.875781_40.754422,centroid_281,71.19,8.38,1.46,0.78,18.19
281,-111.875818_40.764404,centroid_282,72.83,7.94,1.56,0.81,16.86
282,-111.876157_41.714552,centroid_283,31.96,19.89,0.15,1.74,46.27
283,-111.877445_40.669124,centroid_284,68.94,8.82,1.76,0.86,19.62
284,-111.877468_40.70068,centroid_285,69.78,8.54,1.59,0.77,19.31
285,-111.879471_40.73788,centroid_286,71.41,8.26,1.67,0.75,17.9
286,-111.87952_40.575392,centroid_287,63.04,10.36,3.07,0.84,22.7
287,-111.879796_40.729599,centroid_288,71.86,8.23,1.5,0.73,17.67
288,-111.880198_40.625922,centroid_289,66.64,9.74,2.53,0.78,20.3
289,-111.880264_40.947095,centroid_290,66.77,9.97,0.97,2.03,20.25
290,-111.880271_40.536113,centroid_291,60.57,10.93,4.13,0.88,23.49
291,-111.880354_40.649455,centroid_292,66.58,9.16,1.99,0.86,21.41
292,-111.880422_40.58988,centroid_293,64.35,10.06,2.95,0.88,21.75
293,-111.880898_40.614977,centroid_294,65.23,9.57,2.78,0.89,21.53
294,-111.881104_40.917952,centroid_295,69.4,9.47,1.09,1.57,18.46
295,-111.881334_40.682113,centroid_296,69.99,8.62,1.77,0.77,18.85
296,-111.881354_40.549923,centroid_297,61.53,10.61,3.4,0.87,23.59
297,-111.881768_40.480941,centroid_298,54.58,13.1,9.0,0.62,22.7
298,-111.881785_40.444442,centroid_299,53.78,13.29,9.13,0.61,23.19
299,-111.88196_40.764527,centroid_300,71.12,8.07,1.36,0.8,18.64
300,-111.882175_40.745419,centroid_301,71.5,8.1,1.46,0.75,18.18
301,-111.882194_40.395414,centroid_302,50.96,13.7,8.4,0.64,26.31
302,-111.882269_40.694385,centroid_303,69.83,8.5,1.67,0.77,19.23
303,-111.882317_40.900031,centroid_304,70.7,8.93,1.11,1.27,17.98
304,-111.88253_40.715604,centroid_305,69.64,8.46,1.59,0.81,19.5
305,-111.882661_40.889559,centroid_306,72.17,8.44,1.04,1.14,17.2
306,-111.882759_40.754432,centroid_307,71.58,8.17,1.4,0.77,18.09
307,-111.882872_40.847279,centroid_308,75.17,7.69,1.09,1.15,14.9
308,-111.883523_40.60328,centroid_309,64.76,10.06,2.73,0.85,21.59
309,-111.883623_40.293274,centroid_310,51.3,13.03,7.2,0.62,27.85
310,-111.883824_40.876949,centroid_311,74.55,7.69,0.99,1.09,15.69
311,-111.883872_40.77208,centroid_312,72.76,7.88,1.44,0.77,17.15
312,-111.884464_40.976161,centroid_313,68.17,9.21,0.68,2.26,19.68
313,-111.884545_40.862897,centroid_314,75.59,7.32,0.99,1.08,15.02
314,-111.885089_40.792854,centroid_315,75.06,7.55,1.34,0.85,15.21
315,-111.886449_40.511462,centroid_316,58.51,11.88,6.49,0.7,22.42
316,-111.891352_40.929521,centroid_317,65.82,9.96,0.85,1.67,21.7
317,-111.892787_40.773742,centroid_318,72.92,8.0,1.35,0.79,16.95
318,-111.893005_40.414866,centroid_319,50.87,13.75,9.61,0.58,25.19
319,-111.893719_40.689976,centroid_320,69.94,8.69,1.71,0.78,18.88
320,-111.894162_40.67293,centroid_321,69.1,8.88,1.6,0.81,19.61
321,-111.894345_40.63967,centroid_322,67.07,9.39,1.87,0.91,20.77
322,-111.894446_40.759154,centroid_323,73.05,7.74,1.38,0.73,17.09
323,-111.894572_40.738365,centroid_324,72.45,7.97,1.42,0.71,17.45
324,-111.895844_40.780716,centroid_325,74.3,7.78,1.24,0.74,15.93
325,-111.895943_40.618485,centroid_326,65.54,9.76,2.42,0.83,21.45
326,-111.896706_40.598219,centroid_327,64.42,9.82,2.72,0.89,22.15
327,-111.897019_40.835373,centroid_328,76.71,6.95,0.88,0.95,14.5
328,-111.898457_40.431784,centroid_329,52.64,13.39,9.42,0.66,23.9
329,-111.898477_41.004626,centroid_330,65.39,10.06,0.45,2.38,21.73
330,-111.898566_40.848982,centroid_331,77.5,6.43,0.78,0.79,14.5
331,-111.898917_40.712146,centroid_332,71.12,8.15,1.5,0.76,18.46
332,-111.900611_40.763008,centroid_333,73.89,7.78,1.28,0.73,16.32
333,-111.901059_40.577081,centroid_334,63.89,10.35,2.78,0.93,22.04
334,-111.901096_40.381123,centroid_335,51.42,13.24,8.87,0.56,25.92
335,-111.90145_40.313771,centroid_336,52.25,12.39,7.63,0.62,27.11
336,-111.903059_40.494693,centroid_337,57.56,12.05,6.52,0.66,23.21
337,-111.903409_40.874213,centroid_338,75.9,6.95,0.8,0.87,15.48
338,-111.90514_41.046788,centroid_339,64.39,10.6,0.43,2.53,22.05
339,-111.905287_40.777647,centroid_340,74.44,7.28,1.17,0.75,16.35
340,-111.905345_40.512322,centroid_341,58.62,11.31,5.63,0.77,23.67
341,-111.90667_40.768582,centroid_342,74.64,7.27,1.23,0.68,16.18
342,-111.908197_40.548717,centroid_343,61.51,10.55,2.83,0.98,24.14
343,-111.909774_40.60506,centroid_344,65.34,10.01,2.52,0.84,21.29
344,-111.91017_40.344548,centroid_345,49.63,13.09,8.75,0.65,27.88
345,-111.910584_40.640952,centroid_346,67.68,9.36,1.8,0.96,20.19
346,-111.911927_40.404989,centroid_347,51.37,13.41,9.37,0.58,25.26
347,-111.912153_40.657018,centroid_348,68.16,9.01,1.8,0.93,20.1
348,-111.913802_40.69076,centroid_349,70.73,8.44,1.55,0.72,18.57
349,-111.91454_40.617895,centroid_350,65.68,9.75,2.27,0.85,21.46
350,-111.917798_40.669424,centroid_351,69.75,8.62,1.58,0.85,19.2
351,-111.917933_40.759681,centroid_352,73.49,7.36,1.21,0.73,17.2
352,-111.918759_40.997252,centroid_353,60.54,10.9,0.38,2.35,25.84
353,-111.919045_40.377528,centroid_354,50.95,13.17,9.05,0.53,26.3
354,-111.919316_40.979235,centroid_355,62.62,9.88,0.37,1.92,25.22
355,-111.919332_40.871186,centroid_356,78.0,6.27,0.59,0.8,14.35
356,-111.919482_41.118309,centroid_357,61.33,10.69,0.37,1.84,25.77
357,-111.921111_40.678954,centroid_358,69.63,8.59,1.62,0.77,19.39
358,-111.921231_40.88004,centroid_359,77.08,6.36,0.53,0.93,15.11
359,-111.922588_40.558313,centroid_360,62.62,10.59,2.69,0.99,23.11
360,-111.92275_40.786583,centroid_361,75.67,7.08,0.89,0.81,15.55
361,-111.923191_40.47861,centroid_362,57.54,12.07,6.27,0.82,23.3
362,-111.924105_40.777249,centroid_363,75.86,7.07,0.94,0.82,15.3
363,-111.924804_40.335698,centroid_364,47.85,13.48,8.95,0.63,29.09
364,-111.925071_41.155453,centroid_365,62.51,10.88,0.41,2.43,23.76
365,-111.925578_40.604733,centroid_366,66.07,9.91,2.29,0.83,20.89
366,-111.925846_41.030577,centroid_367,60.29,10.83,0.45,2.37,26.06
367,-111.926215_40.744741,centroid_368,72.49,7.85,1.22,0.69,17.75
368,-111.926241_40.851811,centroid_369,78.85,6.01,0.48,0.69,13.97
369,-111.927711_40.736088,centroid_370,72.06,8.27,1.35,0.65,17.67
370,-111.928688_40.399346,centroid_371,51.24,13.17,9.51,0.58,25.51
371,-111.928991_40.65544,centroid_372,68.57,8.88,1.71,0.89,19.96
372,-111.929727_41.081537,centroid_373,62.58,10.5,0.34,1.98,24.6
373,-111.929731_40.530127,centroid_374,61.11,10.73,3.25,1.01,23.91
374,-111.930032_41.01509,centroid_375,59.42,10.93,0.44,2.05,27.16
375,-111.930398_40.690919,centroid_376,70.33,8.22,1.48,0.71,19.26
376,-111.930969_40.511697,centroid_377,59.45,11.31,4.59,1.0,23.66
377,-111.931051_40.754179,centroid_378,73.21,7.69,1.13,0.77,17.2
378,-111.931138_41.046136,centroid_379,59.0,11.06,0.54,2.37,27.03
379,-111.93148_41.096188,centroid_380,63.35,10.58,0.45,1.86,23.77
380,-111.932342_40.761639,centroid_381,73.89,7.29,0.96,0.82,17.04
381,-111.93295_40.799939,centroid_382,76.9,6.51,0.78,0.83,14.98
382,-111.933313_40.675933,centroid_383,70.34,8.66,1.61,0.74,18.66
383,-111.934071_40.623527,centroid_384,67.24,9.57,1.86,0.94,20.39
384,-111.934084_40.592789,centroid_385,64.9,9.65,2.21,0.95,22.28
385,-111.934301_40.711598,centroid_386,71.49,8.21,1.37,0.63,18.3
386,-111.9393_41.227183,centroid_387,58.69,11.22,0.32,2.3,27.47
387,-111.939733_40.792705,centroid_388,76.32,6.72,0.72,0.79,15.44
388,-111.940056_40.641576,centroid_389,68.74,8.96,1.64,1.0,19.67
389,-111.940642_41.173851,centroid_390,60.06,11.15,0.39,2.07,26.33
390,-111.940766_41.217122,centroid_391,59.7,11.17,0.36,2.19,26.57
391,-111.941215_41.083909,centroid_392,62.73,10.77,0.36,1.78,24.35
392,-111.941272_41.056129,centroid_393,59.3,11.21,0.4,2.03,27.07
393,-111.941333_41.199064,centroid_394,61.6,11.05,0.4,2.22,24.72
394,-111.942532_41.247578,centroid_395,58.52,11.49,0.35,2.45,27.18
395,-111.942826_40.571728,centroid_396,63.95,10.36,2.42,1.12,22.14
396,-111.94356_40.777338,centroid_397,74.81,7.23,0.83,0.81,16.32
397,-111.943652_40.55176,centroid_398,63.11,10.23,2.46,1.09,23.1
398,-111.943836_40.686598,centroid_399,70.76,8.37,1.38,0.68,18.81
399,-111.9439_40.621723,centroid_400,67.36,9.14,1.86,0.94,20.7
400,-111.944043_40.590137,centroid_401,64.05,9.89,2.01,0.97,23.08
401,-111.944538_41.122226,centroid_402,62.84,10.8,0.33,1.8,24.23
402,-111.944691_40.706825,centroid_403,71.58,7.8,1.34,0.62,18.67
403,-111.94496_41.068263,centroid_404,61.08,11.13,0.37,1.98,25.44
404,-111.945068_40.79562,centroid_405,76.41,6.67,0.65,0.83,15.44
405,-111.946263_40.656115,centroid_406,69.31,8.99,1.59,0.85,19.26
406,-111.947187_40.692683,centroid_407,71.3,8.26,1.33,0.65,18.46
407,-111.947479_40.675709,centroid_408,70.87,8.42,1.44,0.75,18.53
408,-111.94759_41.019595,centroid_409,62.1,10.32,0.32,1.91,25.34
409,-111.948048_40.530825,centroid_410,62.1,10.7,2.68,1.14,23.38
410,-111.948176_40.512455,centroid_411,59.93,11.47,4.02,0.98,23.59
411,-111.948691_41.661653,centroid_412,31.44,19.34,0.18,1.84,47.19
412,-111.948758_41.154417,centroid_413,60.97,11.03,0.37,1.82,25.81
413,-111.94913_41.310725,centroid_414,56.56,11.85,0.28,2.46,28.86
414,-111.949585_41.260822,centroid_415,58.32,11.57,0.29,2.44,27.38
415,-111.953392_41.225632,centroid_416,60.39,10.63,0.3,2.03,26.66
416,-111.953453_41.197429,centroid_417,61.56,10.87,0.3,1.94,25.34
417,-111.953459_41.855698,centroid_418,21.42,22.13,0.1,1.56,54.79
418,-111.954802_41.318583,centroid_419,55.14,11.84,0.3,2.52,30.2
419,-111.956877_41.296637,centroid_420,56.91,11.64,0.32,2.44,28.69
420,-111.957299_40.616163,centroid_421,67.86,9.11,1.69,0.99,20.35
421,-111.957363_41.211189,centroid_422,60.76,10.77,0.27,1.88,26.32
422,-111.957765_40.632023,centroid_423,69.48,8.9,1.65,1.02,18.95
423,-111.95837_41.242293,centroid_424,59.28,11.42,0.34,2.16,26.8
424,-111.95845_40.60327,centroid_425,66.79,9.44,1.87,0.9,21.01
425,-111.958641_41.2164,centroid_426,61.09,11.16,0.28,1.98,25.48
426,-111.959008_41.176728,centroid_427,61.53,10.78,0.31,1.69,25.69
427,-111.959194_41.282302,centroid_428,57.49,11.62,0.39,2.39,28.11
428,-111.959583_40.660737,centroid_429,70.77,8.23,1.49,0.81,18.7
429,-111.960089_40.355034,centroid_430,40.11,15.76,10.32,0.71,33.11
430,-111.96022_40.690792,centroid_431,71.86,8.14,1.38,0.65,17.97
431,-111.960315_40.372252,centroid_432,41.14,16.03,11.0,0.62,31.21
432,-111.960869_40.488003,centroid_433,59.32,11.66,4.48,0.8,23.74
433,-111.961602_41.272077,centroid_434,57.45,11.79,0.35,2.46,27.95
434,-111.961721_40.675876,centroid_435,70.94,8.37,1.38,0.72,18.59
435,-111.962521_40.645717,centroid_436,69.81,8.35,1.49,0.88,19.47
436,-111.962649_40.588946,centroid_437,66.58,9.63,1.91,1.04,20.84
437,-111.963274_41.204051,centroid_438,60.45,10.78,0.3,1.74,26.73
438,-111.964209_41.226269,centroid_439,60.08,10.83,0.29,1.87,26.93
439,-111.964559_40.700084,centroid_440,72.67,7.73,1.27,0.63,17.7
440,-111.965115_41.2587,centroid_441,57.54,11.87,0.32,2.24,28.03
441,-111.965807_40.551035,centroid_442,64.1,10.14,2.13,1.22,22.41
442,-111.965989_40.708888,centroid_443,72.83,7.74,1.12,0.62,17.68
443,-111.96665_41.024307,centroid_444,65.58,9.51,0.3,1.64,22.97
444,-111.968218_41.193171,centroid_445,61.42,10.4,0.35,1.67,26.15
445,-111.968334_41.095162,centroid_446,62.22,10.64,0.41,1.75,24.98
446,-111.968683_41.082159,centroid_448,62.03,10.63,0.4,1.78,25.17
447,-111.9686_41.063783,centroid_447,62.03,10.78,0.3,1.74,25.15
448,-111.968726_40.772193,centroid_449,74.89,7.0,0.6,0.84,16.67
449,-111.969202_40.510658,centroid_450,61.19,11.11,3.49,0.91,23.29
450,-111.969521_40.688171,centroid_451,72.54,7.91,1.22,0.64,17.68
451,-111.971081_40.572403,centroid_452,66.37,9.73,1.94,1.18,20.78
452,-111.972082_40.616407,centroid_453,68.67,8.94,1.62,1.05,19.72
453,-111.972178_40.675112,centroid_454,72.29,8.18,1.28,0.76,17.49
454,-111.973179_41.226044,centroid_455,59.43,10.96,0.27,1.95,27.39
455,-111.973573_40.604184,centroid_456,68.08,9.24,1.76,0.97,19.96
456,-111.974005_40.531144,centroid_457,64.11,10.04,2.1,1.13,22.62
457,-111.974155_41.212538,centroid_458,59.93,10.71,0.27,1.7,27.38
458,-111.97438_41.203082,centroid_459,59.27,11.01,0.33,1.71,27.69
459,-111.975047_41.239805,centroid_460,57.59,11.01,0.21,1.94,29.25
460,-111.975796_40.631238,centroid_461,70.35,8.55,1.58,1.04,18.48
461,-111.975978_40.544886,centroid_462,65.19,10.11,2.0,1.21,21.5
462,-111.976022_40.660124,centroid_463,71.24,8.02,1.36,0.79,18.58
463,-111.977644_40.646834,centroid_464,71.51,8.33,1.38,0.88,17.9
464,-111.978806_41.179923,centroid_465,63.11,10.43,0.23,1.61,24.62
465,-111.979543_41.258746,centroid_466,57.44,11.28,0.24,2.14,28.89
466,-111.980286_41.169234,centroid_467,63.62,10.24,0.3,1.5,24.34
467,-111.980431_41.284824,centroid_468,57.05,11.89,0.32,2.35,28.39
468,-111.981298_41.04229,centroid_469,66.48,9.55,0.27,1.58,22.12
469,-111.981719_41.099645,centroid_470,64.37,10.58,0.35,1.68,23.02
470,-111.982206_40.688298,centroid_471,73.77,7.47,1.17,0.64,16.95
471,-111.982771_40.674941,centroid_472,73.3,7.92,1.18,0.82,16.78
472,-111.983151_41.326667,centroid_473,55.95,11.9,0.31,2.41,29.43
473,-111.983191_40.357191,centroid_474,36.09,17.22,11.13,0.82,34.74
474,-111.984192_40.558121,centroid_475,66.08,9.75,1.95,1.22,21.0
475,-111.985378_41.114437,centroid_476,63.49,10.18,0.33,1.69,24.32
476,-111.985541_40.628845,centroid_477,70.56,8.51,1.42,1.07,18.43
477,-111.98624_41.299845,centroid_478,55.89,11.4,0.27,2.33,30.1
478,-111.987143_41.054503,centroid_479,65.89,9.27,0.28,1.65,22.92
479,-111.987762_40.584366,centroid_480,68.03,8.89,1.7,1.09,20.29
480,-111.988183_40.486484,centroid_481,59.88,11.59,3.01,1.08,24.45
481,-111.989418_41.940102,centroid_482,19.25,22.06,0.13,1.52,57.04
482,-111.989566_41.095744,centroid_483,65.91,9.68,0.25,1.57,22.59
483,-111.989971_41.260981,centroid_484,57.1,11.43,0.21,2.2,29.05
484,-111.990743_40.700582,centroid_485,74.12,7.39,0.94,0.59,16.96
485,-111.992476_40.643452,centroid_486,72.68,8.01,1.2,0.88,17.22
486,-111.993479_40.59462,centroid_487,68.48,8.89,1.62,1.08,19.92
487,-111.993725_40.363105,centroid_488,35.43,17.24,10.42,0.9,36.01
488,-111.99379_41.081887,centroid_489,66.05,9.63,0.28,1.6,22.45
489,-111.994723_40.660784,centroid_490,73.25,7.77,1.07,0.84,17.07
490,-111.995243_40.572848,centroid_491,68.41,8.99,1.69,1.19,19.72
491,-111.995718_40.674288,centroid_492,73.01,7.63,1.01,0.8,17.55
492,-111.995826_40.616686,centroid_493,70.68,8.61,1.4,1.07,18.24
493,-111.996017_40.556347,centroid_494,67.29,9.4,1.92,1.23,20.16
494,-111.996204_40.688709,centroid_495,73.7,7.44,0.99,0.67,17.2
495,-111.99729_40.64703,centroid_496,72.99,7.9,1.16,0.93,17.03
496,-111.997813_41.188851,centroid_497,62.23,10.63,0.27,1.73,25.14
497,-111.998657_41.219744,centroid_498,58.38,11.26,0.22,1.8,28.33
498,-112.000428_41.31434,centroid_499,55.8,11.51,0.17,2.35,30.18
499,-112.000709_40.529665,centroid_500,64.52,9.77,2.02,1.2,22.49
500,-112.001492_40.541008,centroid_501,65.86,9.59,1.9,1.24,21.4
501,-112.001644_41.10941,centroid_502,68.05,9.24,0.33,1.54,20.84
502,-112.003382_41.521646,centroid_503,44.23,15.06,0.15,1.64,38.93
503,-112.003874_40.617978,centroid_504,71.52,8.45,1.4,1.1,17.52
504,-112.00425_40.70772,centroid_505,75.12,7.12,0.79,0.66,16.32
505,-112.004627_41.172579,centroid_506,65.07,10.51,0.21,1.58,22.62
506,-112.007187_40.662033,centroid_507,73.41,7.57,1.09,0.89,17.05
507,-112.007791_40.31239,centroid_508,33.17,17.32,11.44,0.83,37.23
508,-112.008483_41.516544,centroid_509,46.44,14.59,0.13,1.82,37.02
509,-112.008946_41.267921,centroid_510,55.62,11.61,0.26,2.07,30.45
510,-112.00913_40.645508,centroid_511,72.76,8.13,1.12,0.96,17.04
511,-112.009192_41.497793,centroid_512,45.55,14.93,0.16,1.89,37.47
512,-112.009729_40.483189,centroid_513,61.05,11.48,2.49,1.15,23.83
513,-112.010258_41.097492,centroid_514,67.92,9.37,0.21,1.5,20.99
514,-112.011518_40.558685,centroid_515,67.29,9.48,1.7,1.32,20.22
515,-112.011919_40.30206,centroid_516,32.64,17.58,11.22,0.84,37.73
516,-112.012235_40.493281,centroid_517,61.4,11.47,2.31,1.22,23.6
517,-112.012244_40.616436,centroid_518,71.99,8.31,1.26,1.19,17.26
518,-112.012293_40.678312,centroid_519,73.97,7.44,0.99,0.83,16.77
519,-112.013095_40.593192,centroid_520,70.15,8.95,1.54,1.25,18.11
520,-112.013694_41.081241,centroid_521,68.28,8.84,0.22,1.48,21.18
521,-112.013799_40.502771,centroid_522,62.8,10.91,2.28,1.05,22.97
522,-112.013847_40.514439,centroid_523,63.75,10.33,1.96,1.44,22.52
523,-112.013886_40.700084,centroid_524,74.47,7.18,0.83,0.69,16.83
524,-112.013913_40.68891,centroid_525,73.55,7.37,0.92,0.72,17.44
525,-112.015179_41.41467,centroid_526,54.03,11.57,0.19,2.2,32.01
526,-112.015221_40.634595,centroid_527,72.27,7.98,1.15,1.13,17.47
527,-112.015384_40.672285,centroid_528,74.59,7.4,0.87,0.84,16.3
528,-112.015703_40.627586,centroid_529,72.21,8.2,1.21,1.19,17.2
529,-112.016916_41.112229,centroid_530,68.42,9.18,0.31,1.44,20.65
530,-112.01748_40.360281,centroid_531,34.99,18.17,9.46,1.08,36.29
531,-112.017792_40.658171,centroid_532,73.24,7.6,0.97,0.91,17.29
532,-112.019615_40.603192,centroid_533,71.08,8.55,1.29,1.29,17.79
533,-112.019787_40.646025,centroid_534,72.65,7.63,1.04,0.95,17.73
534,-112.020384_41.076257,centroid_535,70.06,8.53,0.21,1.37,19.83
535,-112.023359_40.527993,centroid_536,64.45,10.24,1.81,1.33,22.16
536,-112.023602_41.521734,centroid_537,45.82,14.15,0.13,1.91,38.0
537,-112.024698_41.495513,centroid_538,45.74,14.47,0.13,1.99,37.67
538,-112.028804_40.565908,centroid_539,68.17,9.64,1.61,1.39,19.19
539,-112.030471_41.18391,centroid_540,64.73,10.44,0.29,1.57,22.97
540,-112.030958_41.081032,centroid_541,70.94,8.46,0.25,1.35,19.01
541,-112.031147_41.466594,centroid_542,51.9,12.81,0.19,1.94,33.16
542,-112.031495_41.140322,centroid_543,67.26,9.21,0.21,1.48,21.84
543,-112.032504_40.501352,centroid_544,62.17,11.07,2.13,1.19,23.44
544,-112.032898_40.64508,centroid_545,73.72,7.96,1.0,1.09,16.23
545,-112.033318_41.169763,centroid_546,66.19,9.93,0.23,1.47,22.17
546,-112.033448_41.093148,centroid_547,70.01,8.49,0.23,1.3,19.98
547,-112.034503_41.118399,centroid_548,69.87,8.69,0.2,1.42,19.82
548,-112.034807_40.628157,centroid_549,73.05,8.02,1.03,1.33,16.56
549,-112.035582_40.667654,centroid_550,73.84,7.74,0.92,0.93,16.56
550,-112.036508_40.68917,centroid_551,75.03,7.31,0.9,0.91,15.84
551,-112.037258_40.678028,centroid_552,74.59,7.5,0.9,0.89,16.11
552,-112.037353_41.072467,centroid_553,72.05,8.01,0.22,1.25,18.47
553,-112.038548_40.634744,centroid_554,72.83,7.91,0.94,1.4,16.91
554,-112.041071_41.31379,centroid_555,56.04,11.52,0.17,2.15,30.11
555,-112.043027_41.190524,centroid_556,65.42,9.87,0.18,1.56,22.98
556,-112.043257_40.61559,centroid_557,71.33,8.75,1.07,1.63,17.21
557,-112.043544_40.48659,centroid_558,58.67,11.7,2.77,1.4,25.45
558,-112.044004_41.224744,centroid_559,61.9,10.35,0.2,1.54,26.02
559,-112.04462_41.157065,centroid_560,65.98,9.95,0.22,1.4,22.45
560,-112.04464_40.416998,centroid_561,49.52,14.42,5.43,1.12,29.51
561,-112.044962_40.600452,centroid_562,69.9,9.26,1.19,1.72,17.94
562,-112.045491_41.132929,centroid_563,69.27,8.88,0.19,1.34,20.32
563,-112.045816_40.708437,centroid_564,74.94,6.64,0.46,0.85,17.12
564,-112.046692_40.700374,centroid_565,75.73,6.92,0.55,0.94,15.86
565,-112.046806_41.146064,centroid_566,67.78,9.14,0.2,1.36,21.52
566,-112.049536_41.16899,centroid_567,65.91,9.57,0.24,1.45,22.84
567,-112.053406_40.688611,centroid_568,74.91,7.05,0.67,1.04,16.33
568,-112.054229_41.117017,centroid_569,72.62,7.9,0.19,1.17,18.11
569,-112.054838_41.096721,centroid_570,73.76,7.38,0.12,1.13,17.6
570,-112.056705_41.075043,centroid_571,74.08,7.34,0.22,1.13,17.23
571,-112.057071_41.297894,centroid_572,59.25,10.78,0.17,1.83,27.97
572,-112.059323_41.084175,centroid_573,74.57,7.2,0.15,1.07,17.0
573,-112.060049_41.169206,centroid_574,66.5,9.77,0.2,1.49,22.05
574,-112.061717_41.261283,centroid_575,62.8,9.88,0.12,1.61,25.59
575,-112.062091_40.612222,centroid_576,71.14,8.96,1.02,1.88,17.01
576,-112.063742_41.070749,centroid_577,75.04,7.17,0.14,1.09,16.56
577,-112.06381_40.509627,centroid_578,58.88,11.9,1.86,1.17,26.2
578,-112.066518_41.183627,centroid_579,67.55,9.54,0.15,1.42,21.34
579,-112.07398_41.145399,centroid_580,72.94,7.68,0.18,1.13,18.06
580,-112.074928_41.158589,centroid_581,71.8,8.01,0.13,1.16,18.9
581,-112.075156_41.169796,centroid_582,70.09,8.75,0.24,1.28,19.64
582,-112.076139_40.690921,centroid_583,75.58,6.8,0.42,1.19,16.02
583,-112.077923_40.708853,centroid_584,75.71,6.64,0.35,0.92,16.38
584,-112.078284_41.202736,centroid_585,66.24,9.65,0.17,1.36,22.58
585,-112.078782_41.110175,centroid_586,76.83,6.48,0.15,0.96,15.58
586,-112.078848_40.700035,centroid_587,76.45,6.75,0.37,1.1,15.33
587,-112.086272_41.136578,centroid_588,75.99,6.89,0.15,0.99,15.98
588,-112.092658_41.171545,centroid_589,73.07,7.64,0.11,1.08,18.1
589,-112.098484_40.696911,centroid_590,76.51,6.59,0.33,1.28,15.29
590,-112.101679_40.709435,centroid_591,76.46,6.44,0.25,1.05,15.8
591,-112.1043_41.103239,centroid_592,79.67,5.7,0.09,0.76,13.77
592,-112.107403_41.287287,centroid_593,68.43,8.87,0.11,1.28,21.31
593,-112.123063_41.734328,centroid_594,22.45,20.98,0.08,1.26,55.23
594,-112.124018_41.174112,centroid_595,80.64,5.46,0.07,0.77,13.06
595,-112.155021_41.709816,centroid_596,20.87,21.11,0.11,1.45,56.45
596,-112.167066_41.621077,centroid_597,28.26,18.86,0.09,1.48,51.31
597,-112.181054_41.710585,centroid_598,22.1,21.24,0.08,1.7,54.88
598,-112.267332_40.622361,centroid_599,76.69,6.18,0.17,0.87,16.09
599,-112.278959_40.546065,centroid_600,76.83,5.89,0.21,1.03,16.04
600,-112.28466_40.556315,centroid_601,78.02,5.76,0.18,0.96,15.08
601,-112.286172_40.536135,centroid_602,76.5,6.24,0.23,1.16,15.87
602,-112.286607_40.526169,centroid_603,75.28,6.71,0.2,1.24,16.57
603,-112.289386_40.545078,centroid_604,77.6,5.77,0.19,1.08,15.36
604,-112.303612_40.627414,centroid_605,78.63,5.79,0.09,0.94,14.55
605,-112.307294_40.523776,centroid_606,76.68,6.18,0.24,1.28,15.61
606,-112.307624_40.54359,centroid_607,78.22,5.71,0.2,1.16,14.71
607,-112.308397_40.639212,centroid_608,80.16,5.68,0.08,0.91,13.17
608,-112.320972_40.516891,centroid_609,77.08,5.77,0.19,1.15,15.8
