centroid,centroid_name,GSL,Misc,SevierLake,TooleLake,WestDesert
-111.076544_40.789839,centroid_1,24.61,39.58,3.31,0.56,31.95
-111.276811_40.62636,centroid_2,20.23,35.92,4.05,0.68,39.12
-111.282991_40.698113,centroid_3,24.45,32.06,4.07,0.73,38.68
-111.285765_41.776494,centroid_4,28.65,27.99,2.32,4.41,36.62
-111.364916_40.598384,centroid_5,20.1,33.86,5.17,0.73,40.14
-111.366196_40.490448,centroid_6,17.63,31.3,2.6,0.76,47.72
-111.380301_40.881808,centroid_7,27.28,28.17,9.69,0.75,34.12
-111.399741_40.517545,centroid_8,18.0,32.06,3.82,0.72,45.4
-111.402199_40.499864,centroid_9,18.15,29.17,3.32,0.76,48.6
-111.408202_40.477897,centroid_10,17.4,29.28,2.7,0.83,49.79
-111.420382_40.504007,centroid_11,17.46,29.9,3.76,0.81,48.07
-111.420779_40.48159,centroid_12,17.59,29.59,3.01,0.82,48.99
-111.434906_40.409967,centroid_13,16.87,30.83,1.9,0.67,49.74
-111.440744_40.757146,centroid_14,36.18,22.89,6.88,0.76,33.29
-111.442008_40.974532,centroid_15,42.07,22.75,10.88,0.71,23.59
-111.463355_40.506679,centroid_16,17.49,30.88,3.88,0.75,47.01
-111.47918_40.522269,centroid_17,18.87,30.63,4.49,0.82,45.19
-111.491737_40.657076,centroid_18,32.18,25.39,6.78,0.76,34.89
-111.505176_40.677097,centroid_19,35.04,23.28,7.56,0.68,33.43
-111.510946_40.65549,centroid_20,31.8,25.99,6.86,0.77,34.57
-111.510973_40.749146,centroid_21,43.13,19.58,8.07,0.73,28.49
-111.521423_40.710945,centroid_22,38.74,22.79,8.02,0.74,29.71
-111.523984_40.160043,centroid_23,21.09,29.64,1.24,0.9,47.12
-111.555312_40.702311,centroid_24,36.41,24.65,7.95,0.72,30.27
-111.57445_40.155571,centroid_25,24.46,26.44,0.68,0.87,47.55
-111.578766_40.760625,centroid_26,43.32,22.63,8.09,0.68,25.29
-111.579662_40.141332,centroid_27,23.17,26.09,0.55,0.85,49.33
-111.58085_40.12006,centroid_28,21.42,27.37,0.64,0.88,49.7
-111.586724_40.743115,centroid_29,40.16,25.23,8.25,0.69,25.67
-111.589586_40.153301,centroid_30,23.66,25.71,0.64,0.79,49.2
-111.594259_40.169936,centroid_31,24.4,25.35,0.94,0.84,48.47
-111.600062_40.162271,centroid_32,23.43,25.89,0.81,0.8,49.06
-111.602842_40.150459,centroid_33,23.46,25.99,0.69,0.78,49.08
-111.604913_40.177464,centroid_34,23.33,25.55,0.85,0.84,49.43
-111.608735_40.089857,centroid_35,24.82,26.25,0.39,0.82,47.72
-111.61045_40.126741,centroid_36,24.58,25.62,0.47,0.73,48.61
-111.614768_40.171519,centroid_37,23.32,25.45,0.81,0.82,49.59
-111.618345_40.106963,centroid_38,24.22,26.47,0.44,0.81,48.06
-111.623879_40.092185,centroid_39,24.45,25.83,0.39,0.87,48.45
-111.628876_40.159185,centroid_40,23.28,25.1,0.81,0.75,50.06
-111.62903_40.214505,centroid_41,22.72,26.49,1.2,0.85,48.74
-111.629498_40.123103,centroid_42,24.47,26.11,0.62,0.77,48.02
-111.632447_40.106182,centroid_43,25.21,26.25,0.55,0.8,47.18
-111.634914_40.233733,centroid_44,21.73,26.0,1.65,0.84,49.78
-111.635536_40.253363,centroid_45,20.72,26.72,2.76,0.86,48.94
-111.636945_40.2272,centroid_46,22.54,25.27,1.48,0.88,49.83
-111.638428_40.240275,centroid_47,20.94,25.02,2.11,0.84,51.09
-111.638558_40.096336,centroid_48,26.4,25.25,0.4,0.78,47.18
-111.640686_40.258373,centroid_49,20.61,25.34,2.87,0.93,50.25
-111.64194_40.218808,centroid_50,23.04,24.98,1.27,0.84,49.88
-111.646087_40.11793,centroid_51,25.85,24.39,0.8,0.77,48.19
-111.646814_40.276497,centroid_52,20.15,25.13,2.88,0.84,51.0
-111.64752_40.29044,centroid_53,19.99,26.01,3.2,0.87,49.93
-111.64757_40.110315,centroid_54,26.95,24.62,0.71,0.73,46.99
-111.64853_40.2644,centroid_55,20.61,24.99,2.79,0.84,50.77
-111.648661_40.251416,centroid_56,21.18,26.03,2.83,0.84,49.12
-111.649372_40.230038,centroid_57,22.92,24.5,1.7,0.77,50.11
-111.650703_40.240069,centroid_58,22.6,24.88,2.53,0.8,49.19
-111.650786_40.236052,centroid_59,22.53,23.66,1.93,0.81,51.06
-111.650822_40.243418,centroid_60,21.62,24.88,2.66,0.89,49.96
-111.65995_40.25576,centroid_61,22.03,24.45,2.65,0.84,50.03
-111.660551_40.232836,centroid_62,23.2,24.72,2.26,0.8,49.01
-111.66172_40.114122,centroid_63,27.72,24.83,0.94,0.75,45.76
-111.662169_40.242473,centroid_64,23.15,24.58,2.41,0.81,49.04
-111.662305_40.280341,centroid_65,20.29,24.06,2.93,0.84,51.88
-111.662739_40.083359,centroid_66,28.21,25.01,0.42,0.81,45.56
-111.66314_40.048822,centroid_67,27.86,24.56,0.46,0.7,46.42
-111.666038_40.25546,centroid_68,22.65,24.2,2.44,0.83,49.88
-111.667578_40.222519,centroid_69,23.53,24.78,2.01,0.76,48.92
-111.667748_40.104488,centroid_70,28.04,25.12,0.92,0.77,45.13
-111.66852_40.0218,centroid_71,25.25,27.85,0.58,0.68,45.64
-111.669581_40.31791,centroid_72,20.11,24.79,4.32,0.83,49.96
-111.670525_40.229905,centroid_73,23.02,24.23,2.25,0.81,49.69
-111.670583_40.241261,centroid_74,22.96,24.21,2.23,0.89,49.72
-111.672308_40.260179,centroid_75,22.81,23.91,2.75,0.88,49.65
-111.675307_40.307781,centroid_76,20.86,24.53,4.17,0.92,49.51
-111.675375_40.216548,centroid_77,24.39,24.16,1.93,0.8,48.73
-111.67667_40.301024,centroid_78,21.87,23.51,3.96,0.85,49.81
-111.677531_40.272456,centroid_79,22.24,24.21,2.99,0.83,49.73
-111.678764_40.248673,centroid_80,23.25,24.62,2.53,0.75,48.85
-111.679132_40.28629,centroid_81,21.99,24.76,3.5,0.86,48.89
-111.679405_40.239153,centroid_82,22.92,23.48,2.05,0.85,50.7
-111.680296_40.293406,centroid_83,21.96,24.05,3.96,0.88,49.15
-111.680631_41.034586,centroid_84,47.0,18.24,2.29,2.43,30.04
-111.680815_40.04626,centroid_85,26.29,26.07,0.49,0.77,46.38
-111.683992_40.330432,centroid_86,21.22,24.1,4.95,0.83,48.91
-111.688027_40.253105,centroid_87,23.65,23.4,2.64,0.82,49.49
-111.688126_40.26641,centroid_88,22.48,23.31,3.26,0.8,50.14
-111.690637_40.315477,centroid_89,22.59,23.7,4.73,0.86,48.12
-111.690945_40.341445,centroid_90,21.12,23.65,5.26,0.83,49.15
-111.691222_40.229559,centroid_91,24.34,23.43,2.1,0.84,49.3
-111.692342_40.305926,centroid_92,23.37,23.55,4.52,0.87,47.7
-111.692399_40.281249,centroid_93,23.97,23.31,3.97,0.83,47.92
-111.694003_40.137893,centroid_94,29.77,23.95,1.1,0.79,44.38
-111.696181_40.323257,centroid_95,22.17,23.66,4.71,0.79,48.67
-111.699522_40.29005,centroid_96,24.43,23.05,4.17,0.83,47.52
-111.700685_40.237922,centroid_97,25.08,23.17,2.4,0.84,48.5
-111.700895_40.330228,centroid_98,21.57,23.76,5.08,0.8,48.79
-111.703961_40.267811,centroid_99,24.96,22.42,3.54,0.84,48.24
-111.704086_40.278152,centroid_100,25.24,23.51,4.15,0.81,46.3
-111.705269_40.300141,centroid_101,23.92,23.8,4.84,0.88,46.56
-111.707002_40.356894,centroid_102,22.25,23.37,5.63,0.8,47.95
-111.707774_40.249038,centroid_103,26.97,22.53,3.32,0.82,46.36
-111.710463_40.344773,centroid_104,21.9,23.93,5.67,0.82,47.68
-111.712872_40.307984,centroid_105,24.45,23.63,5.24,0.87,45.8
-111.713951_40.325992,centroid_106,23.46,22.61,5.33,0.87,47.73
-111.715583_40.369104,centroid_107,23.89,23.47,6.16,0.84,45.64
-111.716827_40.286662,centroid_108,26.12,22.73,4.76,0.84,45.55
-111.716853_40.038209,centroid_109,24.79,25.86,0.81,0.74,47.8
-111.716874_40.293379,centroid_110,24.96,22.74,4.67,0.81,46.83
-111.718073_40.31855,centroid_111,23.85,23.12,5.12,0.81,47.11
-111.720009_40.301039,centroid_112,25.19,22.14,4.92,0.81,46.94
-111.721079_40.216928,centroid_113,30.75,22.59,2.6,0.89,43.17
-111.722361_40.273057,centroid_114,27.11,22.18,4.47,0.79,45.45
-111.725362_40.356218,centroid_115,23.28,22.89,5.83,0.84,47.15
-111.727036_40.048777,centroid_116,25.82,24.94,0.98,0.68,47.58
-111.728061_40.280467,centroid_117,27.7,22.22,4.74,0.8,44.54
-111.729658_40.367083,centroid_118,23.86,22.94,5.99,0.85,46.37
-111.730211_40.031261,centroid_119,24.98,26.18,1.24,0.69,46.91
-111.733955_40.340267,centroid_120,24.72,22.64,5.94,0.79,45.91
-111.737492_40.300907,centroid_121,26.3,21.71,5.49,0.8,45.7
-111.738181_41.040237,centroid_122,52.13,15.29,1.79,2.55,28.24
-111.740352_40.381469,centroid_123,26.13,22.41,6.53,0.81,44.12
-111.740466_40.017394,centroid_124,21.7,25.1,1.25,0.7,51.26
-111.743288_40.032656,centroid_125,23.11,25.95,1.4,0.76,48.78
-111.744123_40.285687,centroid_126,28.12,21.75,5.32,0.82,43.99
-111.744399_40.593159,centroid_127,31.26,40.83,7.35,0.46,20.09
-111.749055_41.125046,centroid_128,45.52,17.81,1.08,3.76,31.83
-111.75038_40.303888,centroid_129,27.15,21.36,5.69,0.79,45.01
-111.751071_40.360975,centroid_130,26.19,22.73,6.3,0.85,43.93
-111.751631_40.402618,centroid_131,27.16,21.28,6.88,0.81,43.86
-111.755119_40.37103,centroid_132,26.32,21.92,6.51,0.79,44.47
-111.758195_40.383894,centroid_133,27.97,21.49,6.89,0.78,42.87
-111.75884_40.421882,centroid_134,29.73,20.35,7.47,0.78,41.67
-111.760547_40.052672,centroid_135,25.14,23.3,1.38,0.71,49.47
-111.761646_40.399297,centroid_136,29.35,20.92,7.09,0.76,41.88
-111.76706_40.445054,centroid_137,31.13,19.69,7.61,0.8,40.76
-111.767634_40.363462,centroid_138,27.28,21.41,7.2,0.8,43.31
-111.770417_40.46392,centroid_139,32.27,19.15,7.95,0.74,39.88
-111.770737_40.73081,centroid_140,58.47,13.79,5.43,0.95,21.36
-111.773142_39.968359,centroid_141,21.13,24.21,0.93,0.72,53.02
-111.780287_41.669812,centroid_142,30.58,19.86,0.54,3.06,45.97
-111.7804_40.378335,centroid_143,28.12,21.48,7.72,0.79,41.9
-111.784488_40.390123,centroid_144,28.23,20.04,7.53,0.79,43.41
-111.786278_39.970777,centroid_145,21.3,23.82,0.65,0.74,53.49
-111.787217_39.984341,centroid_146,21.74,23.01,0.94,0.64,53.67
-111.789625_40.369928,centroid_147,28.13,21.11,7.6,0.77,42.38
-111.790522_40.421003,centroid_148,33.43,19.9,7.98,0.81,37.88
-111.79156_40.60039,centroid_149,50.1,15.66,9.47,0.76,24.01
-111.792477_40.674211,centroid_150,56.79,13.47,5.97,0.85,22.92
-111.793161_40.447365,centroid_151,35.78,18.44,7.98,0.76,37.05
-111.794628_41.782695,centroid_152,24.97,21.57,0.25,2.45,50.76
-111.79482_41.308173,centroid_153,46.68,17.25,0.48,3.29,32.3
-111.797104_41.75237,centroid_154,25.88,22.47,0.27,2.07,49.31
-111.801658_40.599156,centroid_155,51.71,14.83,8.47,0.76,24.23
-111.804059_40.615886,centroid_156,52.66,14.59,7.98,0.78,23.98
-111.807543_40.385992,centroid_157,29.52,20.01,8.08,0.77,41.62
-111.807684_40.395088,centroid_158,29.77,20.19,8.18,0.8,41.05
-111.809458_40.402597,centroid_159,29.9,20.11,8.09,0.85,41.05
-111.809883_41.746672,centroid_160,26.85,22.04,0.24,1.99,48.89
-111.809951_41.727347,centroid_161,28.57,21.84,0.24,1.96,47.39
-111.81092_40.693486,centroid_162,59.64,12.03,3.41,1.09,23.83
-111.811418_40.681534,centroid_163,59.19,11.8,3.41,1.14,24.47
-111.812698_40.705096,centroid_164,59.93,11.66,3.47,1.14,23.8
-111.812843_40.738205,centroid_165,61.42,11.67,3.38,0.98,22.55
-111.814136_40.668241,centroid_166,58.22,12.6,4.32,0.93,23.93
-111.815852_40.425107,centroid_167,35.71,18.53,8.21,0.76,36.78
-111.815956_41.688693,centroid_168,28.78,21.72,0.29,2.14,47.08
-111.817619_40.414016,centroid_169,33.45,19.74,8.6,0.77,37.43
-111.818116_41.792341,centroid_170,24.56,23.49,0.29,2.16,49.5
-111.818358_40.725601,centroid_171,61.16,11.47,2.96,1.03,23.38
-111.818717_40.457745,centroid_172,42.2,16.27,8.41,0.68,32.44
-111.818751_41.747656,centroid_173,26.92,22.73,0.25,2.13,47.97
-111.818861_40.583571,centroid_174,51.61,14.93,7.01,0.82,25.63
-111.819036_40.550046,centroid_175,46.54,16.19,8.55,0.86,27.87
-111.81914_40.389094,centroid_176,30.41,19.55,8.47,0.74,40.82
-111.819413_40.628684,centroid_177,55.16,13.83,6.3,0.88,23.83
-111.819544_41.833667,centroid_178,23.16,23.03,0.22,1.94,51.65
-111.820542_41.753457,centroid_179,27.17,22.34,0.27,2.08,48.14
-111.820548_41.709977,centroid_180,28.67,21.22,0.27,1.93,47.91
-111.821178_40.598865,centroid_181,53.52,14.53,6.36,0.92,24.67
-111.821453_41.940066,centroid_182,20.31,23.76,0.16,1.97,53.81
-111.822335_41.768353,centroid_183,25.29,22.14,0.21,1.92,50.44
-111.822358_40.647882,centroid_184,56.76,13.34,5.11,0.94,23.86
-111.822423_40.608806,centroid_185,53.5,14.26,6.01,0.98,25.25
-111.822675_41.731046,centroid_186,27.57,21.84,0.27,2.06,48.27
-111.822761_40.72054,centroid_187,61.54,11.73,2.85,1.05,22.84
-111.82303_40.590995,centroid_188,52.98,13.87,6.21,0.91,26.04
-111.824953_41.739378,centroid_189,27.77,22.81,0.24,2.02,47.16
-111.824977_40.368113,centroid_190,32.29,19.38,8.29,0.73,39.31
-111.825164_40.574221,centroid_191,51.85,14.65,6.39,0.86,26.26
-111.825315_40.618717,centroid_192,54.57,13.74,5.49,0.92,25.28
-111.827578_40.565723,centroid_193,50.48,14.58,6.62,0.84,27.48
-111.83104_41.630386,centroid_194,29.97,22.42,0.25,2.27,45.09
-111.831768_40.76318,centroid_195,63.16,11.56,3.33,0.84,21.11
-111.831813_40.693661,centroid_196,59.63,11.49,2.71,0.97,25.2
-111.832737_40.737207,centroid_197,61.45,11.52,2.78,0.99,23.27
-111.833836_40.729518,centroid_198,61.66,11.41,2.69,0.96,23.29
-111.834129_40.680721,centroid_199,59.85,11.79,2.81,1.01,24.54
-111.834551_40.405548,centroid_200,32.7,19.55,9.04,0.77,37.94
-111.834821_41.571693,centroid_201,30.62,22.65,0.42,2.66,43.64
-111.834867_40.534818,centroid_202,46.38,15.72,8.58,0.78,28.54
-111.835416_40.668251,centroid_203,58.29,11.74,2.86,0.97,26.14
-111.836125_40.745913,centroid_204,61.83,11.62,3.13,0.84,22.57
-111.83622_40.705081,centroid_205,60.57,11.16,2.53,0.93,24.81
-111.836308_40.752159,centroid_206,62.08,11.46,3.08,0.89,22.49
-111.840653_40.425278,centroid_207,38.71,17.32,9.04,0.7,34.23
-111.841414_40.598136,centroid_208,53.84,13.21,4.35,0.95,27.64
-111.84258_41.724841,centroid_209,27.93,21.88,0.22,1.98,47.99
-111.842757_41.742672,centroid_210,25.86,22.28,0.2,1.9,49.76
-111.842942_41.839116,centroid_211,23.52,22.84,0.19,1.9,51.54
-111.843074_40.502221,centroid_212,43.89,17.47,10.33,0.68,27.63
-111.843206_41.758231,centroid_213,25.86,22.1,0.17,1.97,49.91
-111.84356_40.547135,centroid_214,50.94,13.93,5.87,0.95,28.32
-111.8435_40.66169,centroid_215,59.14,11.9,2.76,0.97,25.23
-111.844289_40.587869,centroid_216,53.95,13.64,4.71,0.95,26.75
-111.844394_40.620095,centroid_217,56.87,12.66,3.99,0.92,25.56
-111.844503_40.64516,centroid_218,57.35,12.12,3.26,1.02,26.25
-111.844773_40.571257,centroid_219,52.61,13.72,5.22,0.93,27.52
-111.845813_40.635795,centroid_220,57.37,12.41,3.54,1.01,25.67
-111.846344_39.973192,centroid_221,17.32,23.12,1.7,0.72,57.14
-111.847221_40.715345,centroid_222,61.41,11.14,2.32,0.99,24.14
-111.847278_40.874379,centroid_223,66.11,10.47,1.86,1.4,20.16
-111.847386_40.628148,centroid_224,56.6,12.57,3.55,0.96,26.32
-111.847776_40.729553,centroid_225,62.63,11.13,2.45,0.96,22.83
-111.847802_40.608397,centroid_226,55.27,12.79,4.01,0.94,26.99
-111.847845_40.746043,centroid_227,62.16,11.07,2.4,0.94,23.43
-111.848384_40.73777,centroid_228,61.79,11.04,2.34,0.91,23.92
-111.848461_40.692693,centroid_229,60.93,11.37,2.4,0.98,24.33
-111.848521_40.654587,centroid_230,58.5,12.03,3.1,0.94,25.43
-111.849339_40.679694,centroid_231,59.38,11.46,2.48,0.99,25.69
-111.850591_40.407356,centroid_232,36.06,18.48,9.47,0.76,35.23
-111.851178_40.385298,centroid_233,35.17,18.34,9.12,0.75,36.62
-111.852251_40.722852,centroid_234,62.3,11.11,2.18,0.97,23.44
-111.852338_41.678225,centroid_235,29.97,21.55,0.2,2.06,46.22
-111.852681_40.709441,centroid_236,61.58,10.95,2.25,0.97,24.24
-111.852811_41.296207,centroid_237,48.27,15.65,0.42,3.03,32.63
-111.854272_41.721677,centroid_238,27.5,21.45,0.23,1.92,48.9
-111.857382_40.764701,centroid_239,63.31,10.95,2.31,1.01,22.42
-111.857441_40.756731,centroid_240,63.33,10.83,2.26,0.98,22.6
-111.857552_40.781281,centroid_241,64.1,11.21,2.34,1.06,21.3
-111.858454_40.399603,centroid_242,36.58,18.01,9.34,0.72,35.34
-111.858486_40.371842,centroid_243,37.88,16.75,9.07,0.73,35.58
-111.858701_40.423438,centroid_244,41.23,16.72,10.04,0.71,31.3
-111.859304_40.657416,centroid_245,58.29,11.56,2.67,1.0,26.48
-111.859405_40.641452,centroid_246,57.27,12.19,3.21,0.97,26.36
-111.861182_40.536773,centroid_247,50.71,13.74,5.53,1.01,29.01
-111.861626_40.572519,centroid_248,54.95,12.97,4.23,1.01,26.83
-111.861722_40.729313,centroid_249,62.82,10.76,2.13,0.96,23.33
-111.86177_40.877164,centroid_250,68.11,10.2,1.6,1.62,18.47
-111.86226_40.737444,centroid_251,63.72,10.73,2.02,0.97,22.56
-111.862514_40.669789,centroid_252,59.71,11.55,2.32,1.06,25.36
-111.862619_40.602573,centroid_253,56.37,12.47,3.76,1.04,26.35
-111.862851_40.865278,centroid_254,67.31,10.02,1.46,1.58,19.62
-111.862856_40.745607,centroid_255,64.29,10.5,2.02,1.0,22.18
-111.86297_40.551209,centroid_256,52.76,13.51,4.88,1.0,27.85
-111.863208_40.77244,centroid_257,63.6,10.98,2.44,1.02,21.96
-111.863557_40.681382,centroid_258,60.49,11.03,2.34,1.07,25.08
-111.863717_40.692769,centroid_259,60.79,11.03,2.19,0.96,25.03
-111.863983_40.894304,centroid_260,65.29,10.94,1.59,1.8,20.39
-111.864303_40.704178,centroid_261,61.15,10.88,2.08,1.0,24.89
-111.864406_40.588712,centroid_262,55.56,12.86,4.05,0.99,26.54
-111.864857_40.615566,centroid_263,55.94,12.66,3.54,1.06,26.8
-111.865394_40.492158,centroid_264,45.0,15.84,10.55,0.64,27.97
-111.865449_40.625868,centroid_265,56.65,12.2,3.39,1.09,26.67
-111.866206_41.635103,centroid_266,29.89,21.05,0.15,2.11,46.81
-111.866862_40.755854,centroid_267,64.44,10.52,2.14,0.94,21.97
-111.866996_40.765141,centroid_268,63.7,10.61,2.09,0.97,22.63
-111.868916_40.915806,centroid_269,63.65,11.66,1.56,2.0,21.14
-111.870361_40.504081,centroid_270,46.05,15.93,9.69,0.85,27.48
-111.871449_40.717463,centroid_271,62.42,10.76,1.95,0.92,23.96
-111.872719_40.562795,centroid_272,52.83,13.11,4.11,1.07,28.88
-111.873091_40.426072,centroid_273,42.06,16.27,10.34,0.76,30.57
-111.873714_40.779573,centroid_274,65.01,10.49,2.01,1.09,21.41
-111.874022_40.655416,centroid_275,59.62,11.92,2.35,1.14,24.96
-111.874406_40.676796,centroid_276,59.89,11.18,2.22,1.04,25.67
-111.875063_40.37769,centroid_277,42.1,15.84,9.39,0.69,31.98
-111.875311_40.772914,centroid_278,65.4,10.08,1.95,1.05,21.51
-111.875367_40.636096,centroid_279,57.13,12.18,2.95,0.96,26.79
-111.875672_40.513778,centroid_280,49.32,14.45,7.78,0.89,27.56
-111.875781_40.754422,centroid_281,63.85,10.52,1.84,0.98,22.82
-111.875818_40.764404,centroid_282,65.66,10.04,1.97,1.02,21.32
-111.876157_41.714552,centroid_283,27.66,21.15,0.16,1.85,49.19
-111.877445_40.669124,centroid_284,60.15,11.31,2.26,1.11,25.17
-111.877468_40.70068,centroid_285,61.45,10.9,2.03,0.99,24.63
-111.879471_40.73788,centroid_286,63.9,10.43,2.11,0.95,22.61
-111.87952_40.575392,centroid_287,54.12,12.86,3.81,1.04,28.17
-111.879796_40.729599,centroid_288,64.02,10.53,1.92,0.93,22.6
-111.880198_40.625922,centroid_289,57.57,12.39,3.22,0.99,25.82
-111.880264_40.947095,centroid_290,57.92,12.63,1.23,2.57,25.65
-111.880271_40.536113,centroid_291,51.18,13.53,5.11,1.09,29.09
-111.880354_40.649455,centroid_292,57.51,11.65,2.53,1.09,27.22
-111.880422_40.58988,centroid_293,55.19,12.65,3.71,1.11,27.34
-111.880898_40.614977,centroid_294,56.23,12.05,3.5,1.12,27.1
-111.881104_40.917952,centroid_295,61.83,11.81,1.36,1.96,23.03
-111.881334_40.682113,centroid_296,61.13,11.16,2.29,1.0,24.42
-111.881354_40.549923,centroid_297,52.33,13.14,4.22,1.07,29.24
-111.881768_40.480941,centroid_298,45.68,15.67,10.77,0.74,27.14
-111.881785_40.444442,centroid_299,44.82,15.86,10.9,0.73,27.69
-111.88196_40.764527,centroid_300,63.81,10.12,1.71,1.0,23.36
-111.882175_40.745419,centroid_301,63.86,10.28,1.86,0.95,23.06
-111.882194_40.395414,centroid_302,42.69,16.01,9.82,0.74,30.74
-111.882269_40.694385,centroid_303,61.24,10.92,2.14,0.99,24.7
-111.882317_40.900031,centroid_304,63.12,11.24,1.4,1.6,22.64
-111.88253_40.715604,centroid_305,61.26,10.8,2.02,1.03,24.88
-111.882661_40.889559,centroid_306,64.98,10.63,1.31,1.44,21.65
-111.882759_40.754432,centroid_307,64.17,10.3,1.76,0.98,22.8
-111.882872_40.847279,centroid_308,68.12,9.87,1.4,1.48,19.13
-111.883523_40.60328,centroid_309,55.53,12.7,3.45,1.07,27.25
-111.883623_40.293274,centroid_310,42.85,15.29,8.45,0.73,32.68
-111.883824_40.876949,centroid_311,66.53,10.11,1.3,1.43,20.64
-111.883872_40.77208,centroid_312,65.48,9.99,1.83,0.97,21.73
-111.884464_40.976161,centroid_313,58.77,11.93,0.88,2.92,25.5
-111.884545_40.862897,centroid_314,68.18,9.55,1.29,1.41,19.58
-111.885089_40.792854,centroid_315,68.1,9.65,1.71,1.08,19.45
-111.886449_40.511462,centroid_316,49.45,14.47,7.91,0.86,27.32
-111.891352_40.929521,centroid_317,56.96,12.54,1.07,2.1,27.33
-111.892787_40.773742,centroid_318,66.03,10.03,1.69,0.99,21.26
-111.893005_40.414866,centroid_319,42.22,16.18,11.3,0.68,29.63
-111.893719_40.689976,centroid_320,60.88,11.31,2.23,1.02,24.57
-111.894162_40.67293,centroid_321,59.65,11.6,2.09,1.06,25.6
-111.894345_40.63967,centroid_322,57.9,12.0,2.39,1.16,26.55
-111.894446_40.759154,centroid_323,65.48,9.92,1.77,0.94,21.89
-111.894572_40.738365,centroid_324,64.27,10.33,1.85,0.93,22.63
-111.895844_40.780716,centroid_325,67.51,9.84,1.56,0.94,20.14
-111.895943_40.618485,centroid_326,56.39,12.36,3.06,1.05,27.15
-111.896706_40.598219,centroid_327,55.44,12.3,3.41,1.11,27.75
-111.897019_40.835373,centroid_328,70.01,8.96,1.13,1.23,18.68
-111.898457_40.431784,centroid_329,43.74,15.9,11.19,0.78,28.39
-111.898477_41.004626,centroid_330,54.99,13.08,0.59,3.09,28.25
-111.898566_40.848982,centroid_331,70.0,8.57,1.04,1.06,19.33
-111.898917_40.712146,centroid_332,62.3,10.64,1.96,0.99,24.1
-111.900611_40.763008,centroid_333,66.44,10.0,1.65,0.93,20.97
-111.901059_40.577081,centroid_334,54.67,12.99,3.5,1.17,27.67
-111.901096_40.381123,centroid_335,42.54,15.66,10.49,0.66,30.65
-111.90145_40.313771,centroid_336,43.61,14.64,9.01,0.74,32.01
-111.903059_40.494693,centroid_337,48.34,14.67,7.94,0.81,28.25
-111.903409_40.874213,centroid_338,67.82,9.28,1.06,1.16,20.68
-111.90514_41.046788,centroid_339,54.32,13.6,0.55,3.24,28.29
-111.905287_40.777647,centroid_340,67.21,9.34,1.5,0.97,20.98
-111.905345_40.512322,centroid_341,49.32,13.85,6.89,0.94,28.99
-111.90667_40.768582,centroid_342,67.18,9.4,1.6,0.88,20.93
-111.908197_40.548717,centroid_343,51.95,13.17,3.53,1.22,30.14
-111.909774_40.60506,centroid_344,56.12,12.67,3.19,1.06,26.95
-111.91017_40.344548,centroid_345,41.1,15.31,10.24,0.76,32.6
-111.910584_40.640952,centroid_346,58.55,12.01,2.31,1.24,25.9
-111.911927_40.404989,centroid_347,42.17,15.95,11.14,0.69,30.04
-111.912153_40.657018,centroid_348,58.6,11.72,2.35,1.2,26.13
-111.913802_40.69076,centroid_349,60.87,11.28,2.07,0.96,24.83
-111.91454_40.617895,centroid_350,56.3,12.41,2.89,1.08,27.32
-111.917798_40.669424,centroid_351,60.26,11.33,2.08,1.11,25.22
-111.917933_40.759681,centroid_352,65.86,9.48,1.56,0.94,22.16
-111.918759_40.997252,centroid_353,51.42,13.42,0.46,2.89,31.81
-111.919045_40.377528,centroid_354,41.95,15.59,10.71,0.63,31.13
-111.919316_40.979235,centroid_355,54.3,12.08,0.45,2.34,30.83
-111.919332_40.871186,centroid_356,70.05,8.54,0.8,1.09,19.53
-111.919482_41.118309,centroid_357,55.46,12.31,0.43,2.12,29.69
-111.921111_40.678954,centroid_358,59.85,11.35,2.14,1.02,25.64
-111.921231_40.88004,centroid_359,69.26,8.53,0.71,1.25,20.26
-111.922588_40.558313,centroid_360,52.97,13.32,3.39,1.24,29.07
-111.92275_40.786583,centroid_361,68.6,9.13,1.15,1.05,20.07
-111.923191_40.47861,centroid_362,48.14,14.74,7.66,1.0,28.46
-111.924105_40.777249,centroid_363,68.82,9.14,1.22,1.06,19.76
-111.924804_40.335698,centroid_364,39.07,15.74,10.46,0.73,33.99
-111.925071_41.155453,centroid_365,54.63,13.17,0.5,2.94,28.76
-111.925578_40.604733,centroid_366,56.38,12.74,2.95,1.06,26.86
-111.925846_41.030577,centroid_367,51.28,13.29,0.56,2.9,31.97
-111.926215_40.744741,centroid_368,64.2,10.22,1.59,0.89,23.1
-111.926241_40.851811,centroid_369,71.43,8.12,0.65,0.93,18.87
-111.927711_40.736088,centroid_370,63.34,10.85,1.78,0.85,23.18
-111.928688_40.399346,centroid_371,41.68,15.75,11.37,0.7,30.51
-111.928991_40.65544,centroid_372,59.01,11.58,2.23,1.16,26.03
-111.929727_41.081537,centroid_373,56.08,12.32,0.4,2.32,28.87
-111.929731_40.530127,centroid_374,51.24,13.45,4.07,1.26,29.98
-111.930032_41.01509,centroid_375,50.17,13.42,0.54,2.52,33.36
-111.930398_40.690919,centroid_376,60.37,10.97,1.98,0.95,25.73
-111.930969_40.511697,centroid_377,49.79,14.0,5.68,1.24,29.29
-111.931051_40.754179,centroid_378,65.28,9.97,1.47,1.0,22.28
-111.931138_41.046136,centroid_379,50.69,13.3,0.65,2.85,32.5
-111.93148_41.096188,centroid_380,57.7,12.2,0.52,2.15,27.43
-111.932342_40.761639,centroid_381,66.15,9.45,1.24,1.06,22.09
-111.93295_40.799939,centroid_382,70.22,8.39,1.0,1.07,19.32
-111.933313_40.675933,centroid_383,60.67,11.48,2.14,0.98,24.74
-111.934071_40.623527,centroid_384,57.36,12.45,2.43,1.22,26.54
-111.934084_40.592789,centroid_385,55.03,12.37,2.84,1.22,28.54
-111.934301_40.711598,centroid_386,61.8,11.01,1.84,0.84,24.52
-111.9393_41.227183,centroid_387,52.8,12.82,0.36,2.62,31.39
-111.939733_40.792705,centroid_388,69.19,8.75,0.94,1.03,20.09
-111.940056_40.641576,centroid_389,58.95,11.76,2.15,1.31,25.83
-111.940642_41.173851,centroid_390,53.86,12.88,0.45,2.39,30.42
-111.940766_41.217122,centroid_391,54.0,12.75,0.41,2.51,30.33
-111.941215_41.083909,centroid_392,57.23,12.36,0.42,2.05,27.94
-111.941272_41.056129,centroid_393,52.42,13.1,0.47,2.37,31.64
-111.941333_41.199064,centroid_394,55.83,12.71,0.46,2.56,28.44
-111.942532_41.247578,centroid_395,52.79,13.08,0.4,2.79,30.94
-111.942826_40.571728,centroid_396,54.0,13.22,3.08,1.43,28.25
-111.94356_40.777338,centroid_397,67.06,9.46,1.08,1.06,21.34
-111.943652_40.55176,centroid_398,52.71,13.12,3.16,1.4,29.61
-111.943836_40.686598,centroid_399,60.88,11.2,1.85,0.91,25.16
-111.9439_40.621723,centroid_400,57.28,11.96,2.43,1.23,27.09
-111.944043_40.590137,centroid_401,53.72,12.73,2.59,1.25,29.71
-111.944538_41.122226,centroid_402,58.02,12.2,0.37,2.04,27.38
-111.944691_40.706825,centroid_403,61.38,10.6,1.81,0.84,25.37
-111.94496_41.068263,centroid_404,55.25,12.8,0.42,2.27,29.25
-111.945068_40.79562,centroid_405,68.92,8.79,0.85,1.1,20.34
-111.946263_40.656115,centroid_406,59.41,11.9,2.1,1.12,25.48
-111.947187_40.692683,centroid_407,61.26,11.15,1.79,0.88,24.92
-111.947479_40.675709,centroid_408,60.96,11.28,1.93,1.0,24.83
-111.94759_41.019595,centroid_409,54.21,12.47,0.39,2.31,30.62
-111.948048_40.530825,centroid_410,51.42,13.71,3.44,1.46,29.97
-111.948176_40.512455,centroid_411,49.51,14.45,5.07,1.24,29.73
-111.948691_41.661653,centroid_412,27.13,20.56,0.19,1.96,50.16
-111.948758_41.154417,centroid_413,55.92,12.46,0.42,2.06,29.14
-111.94913_41.310725,centroid_414,50.64,13.46,0.31,2.79,32.79
-111.949585_41.260822,centroid_415,52.55,13.17,0.33,2.78,31.18
-111.953392_41.225632,centroid_416,55.72,11.88,0.33,2.27,29.8
-111.953453_41.197429,centroid_417,57.29,12.07,0.33,2.15,28.15
-111.953459_41.855698,centroid_418,17.53,23.23,0.1,1.63,57.5
-111.954802_41.318583,centroid_419,49.08,13.44,0.34,2.86,34.27
-111.956877_41.296637,centroid_420,50.85,13.28,0.36,2.79,32.72
-111.957299_40.616163,centroid_421,57.27,12.11,2.25,1.31,27.06
-111.957363_41.211189,centroid_422,56.21,12.02,0.3,2.1,29.37
-111.957765_40.632023,centroid_423,58.97,11.97,2.22,1.37,25.47
-111.95837_41.242293,centroid_424,53.91,12.92,0.39,2.45,30.33
-111.95845_40.60327,centroid_425,55.8,12.56,2.49,1.19,27.96
-111.958641_41.2164,centroid_426,56.57,12.46,0.32,2.21,28.44
-111.959008_41.176728,centroid_427,57.62,11.88,0.34,1.87,28.29
-111.959194_41.282302,centroid_428,51.55,13.25,0.45,2.72,32.04
-111.959583_40.660737,centroid_429,60.49,11.13,2.02,1.09,25.27
-111.960089_40.355034,centroid_430,30.48,18.29,11.97,0.82,38.44
-111.96022_40.690792,centroid_431,61.93,11.02,1.87,0.88,24.31
-111.960315_40.372252,centroid_432,31.43,18.67,12.82,0.73,36.36
-111.960869_40.488003,centroid_433,48.35,14.8,5.69,1.01,30.14
-111.961602_41.272077,centroid_434,51.58,13.42,0.4,2.79,31.81
-111.961721_40.675876,centroid_435,60.52,11.37,1.88,0.98,25.26
-111.962521_40.645717,centroid_436,59.17,11.3,2.01,1.19,26.33
-111.962649_40.588946,centroid_437,55.39,12.85,2.55,1.38,27.82
-111.963274_41.204051,centroid_438,56.47,11.86,0.33,1.92,29.42
-111.964209_41.226269,centroid_439,55.48,12.08,0.33,2.08,30.03
-111.964559_40.700084,centroid_440,62.87,10.5,1.72,0.86,24.05
-111.965115_41.2587,centroid_441,52.09,13.39,0.36,2.53,31.63
-111.965807_40.551035,centroid_442,52.68,13.37,2.8,1.61,29.54
-111.965989_40.708888,centroid_443,62.85,10.59,1.53,0.85,24.18
-111.96665_41.024307,centroid_444,61.12,10.75,0.34,1.85,25.94
-111.968218_41.193171,centroid_445,57.58,11.44,0.39,1.84,28.75
-111.968334_41.095162,centroid_446,56.83,12.16,0.47,2.0,28.54
-111.968683_41.082159,centroid_447,56.69,12.13,0.45,2.03,28.71
-111.9686_41.063783,centroid_448,56.7,12.29,0.34,1.99,28.69
-111.968726_40.772193,centroid_449,66.61,9.31,0.8,1.11,22.17
-111.969202_40.510658,centroid_450,49.87,14.35,4.51,1.18,30.09
-111.969521_40.688171,centroid_451,62.43,10.83,1.67,0.88,24.19
-111.971081_40.572403,centroid_452,54.56,13.14,2.62,1.59,28.09
-111.972082_40.616407,centroid_453,57.39,12.16,2.2,1.43,26.82
-111.972178_40.675112,centroid_454,61.79,11.28,1.77,1.05,24.11
-111.973179_41.226044,centroid_455,54.76,12.23,0.3,2.18,30.54
-111.973573_40.604184,centroid_456,56.37,12.63,2.4,1.32,27.29
-111.974005_40.531144,centroid_457,52.19,13.37,2.79,1.51,30.13
-111.974155_41.212538,centroid_458,55.83,11.81,0.29,1.88,30.19
-111.97438_41.203082,centroid_459,55.11,12.13,0.36,1.88,30.52
-111.975047_41.239805,centroid_460,52.82,12.25,0.23,2.16,32.55
-111.975796_40.631238,centroid_461,59.0,11.82,2.19,1.44,25.56
-111.975978_40.544886,centroid_462,53.53,13.49,2.66,1.62,28.69
-111.976022_40.660124,centroid_463,59.9,11.19,1.9,1.1,25.91
-111.977644_40.646834,centroid_464,60.19,11.64,1.93,1.22,25.02
-111.978806_41.179923,centroid_465,59.61,11.42,0.25,1.77,26.95
-111.979543_41.258746,centroid_466,52.03,12.72,0.27,2.41,32.56
-111.980286_41.169234,centroid_467,60.21,11.2,0.32,1.64,26.62
-111.980431_41.284824,centroid_468,51.64,13.39,0.36,2.65,31.96
-111.981298_41.04229,centroid_469,62.23,10.76,0.31,1.78,24.93
-111.981719_41.099645,centroid_470,59.71,11.97,0.39,1.9,26.03
-111.982206_40.688298,centroid_471,63.59,10.37,1.62,0.89,23.53
-111.982771_40.674941,centroid_472,62.64,11.09,1.64,1.15,23.48
-111.983151_41.326667,centroid_473,49.88,13.54,0.35,2.75,33.48
-111.983191_40.357191,centroid_474,26.38,19.84,12.82,0.95,40.02
-111.984192_40.558121,centroid_475,53.55,13.35,2.68,1.67,28.76
-111.985378_41.114437,centroid_476,59.39,11.32,0.36,1.88,27.05
-111.985541_40.628845,centroid_477,58.63,11.97,2.0,1.5,25.9
-111.98624_41.299845,centroid_478,50.18,12.88,0.31,2.64,33.99
-111.987143_41.054503,centroid_479,61.26,10.53,0.31,1.87,26.03
-111.987762_40.584366,centroid_480,55.6,12.35,2.36,1.52,28.17
-111.988183_40.486484,centroid_481,48.12,14.98,3.89,1.4,31.61
-111.989418_41.940102,centroid_482,15.54,23.07,0.14,1.59,59.66
-111.989566_41.095744,centroid_483,61.93,10.81,0.28,1.76,25.22
-111.989971_41.260981,centroid_484,51.48,12.93,0.24,2.49,32.86
-111.990743_40.700582,centroid_485,63.56,10.41,1.32,0.83,23.88
-111.992476_40.643452,centroid_486,60.56,11.57,1.73,1.27,24.86
-111.993479_40.59462,centroid_487,55.76,12.48,2.28,1.52,27.96
-111.993725_40.363105,centroid_488,25.69,19.84,11.99,1.03,41.44
-111.99379_41.081887,centroid_489,61.97,10.78,0.31,1.79,25.14
-111.994723_40.660784,centroid_490,61.72,11.12,1.53,1.21,24.42
-111.995243_40.572848,centroid_491,55.5,12.66,2.37,1.68,27.78
-111.995718_40.674288,centroid_492,61.89,10.78,1.43,1.13,24.78
-111.995826_40.616686,centroid_493,57.89,12.37,2.01,1.53,26.2
-111.996017_40.556347,centroid_494,54.49,13.08,2.67,1.71,28.05
-111.996204_40.688709,centroid_495,63.09,10.44,1.38,0.93,24.15
-111.99729_40.64703,centroid_496,61.03,11.4,1.67,1.34,24.57
-111.997813_41.188851,centroid_497,58.63,11.64,0.3,1.89,27.54
-111.998657_41.219744,centroid_498,54.06,12.43,0.25,1.99,31.28
-112.000428_41.31434,centroid_499,50.1,12.99,0.19,2.65,34.07
-112.000709_40.529665,centroid_500,51.45,13.38,2.76,1.64,30.77
-112.001492_40.541008,centroid_501,52.5,13.34,2.64,1.73,29.78
-112.001644_41.10941,centroid_502,64.88,10.16,0.37,1.69,22.91
-112.003382_41.521646,centroid_503,38.08,16.72,0.17,1.83,43.22
-112.003874_40.617978,centroid_504,58.18,12.41,2.06,1.62,25.73
-112.00425_40.70772,centroid_505,64.29,10.22,1.13,0.94,23.42
-112.004627_41.172579,centroid_506,61.99,11.44,0.23,1.72,24.62
-112.007187_40.662033,centroid_507,61.9,10.84,1.56,1.28,24.43
-112.007791_40.31239,centroid_508,24.14,19.66,12.99,0.94,42.27
-112.008483_41.516544,centroid_509,40.02,16.34,0.14,2.04,41.45
-112.008946_41.267921,centroid_510,50.95,12.83,0.29,2.28,33.66
-112.00913_40.645508,centroid_511,60.04,11.92,1.64,1.41,24.99
-112.009192_41.497793,centroid_512,39.48,16.59,0.18,2.1,41.65
-112.009729_40.483189,centroid_513,48.82,15.09,3.27,1.51,31.31
-112.010258_41.097492,centroid_514,64.94,10.24,0.23,1.64,22.94
-112.011518_40.558685,centroid_515,53.82,13.38,2.4,1.86,28.55
-112.011919_40.30206,centroid_516,23.94,19.85,12.67,0.95,42.6
-112.012235_40.493281,centroid_517,48.86,15.2,3.06,1.61,31.27
-112.012244_40.616436,centroid_518,58.77,12.23,1.86,1.74,25.4
-112.012293_40.678312,centroid_519,62.73,10.65,1.42,1.19,24.01
-112.013095_40.593192,centroid_520,56.52,13.03,2.25,1.82,26.38
-112.013694_41.081241,centroid_521,65.35,9.66,0.24,1.61,23.13
-112.013799_40.502771,centroid_522,50.01,14.66,3.06,1.41,30.87
-112.013847_40.514439,centroid_523,50.65,14.06,2.67,1.96,30.66
-112.013886_40.700084,centroid_524,63.2,10.35,1.2,0.99,24.25
-112.013913_40.68891,centroid_525,62.28,10.51,1.31,1.03,24.87
-112.015179_41.41467,centroid_526,48.27,13.02,0.21,2.47,36.03
-112.015221_40.634595,centroid_527,58.89,11.83,1.7,1.67,25.91
-112.015384_40.672285,centroid_528,63.34,10.68,1.25,1.22,23.51
-112.015703_40.627586,centroid_529,58.83,12.15,1.79,1.76,25.48
-112.016916_41.112229,centroid_530,65.6,10.0,0.33,1.57,22.49
-112.01748_40.360281,centroid_531,25.59,20.8,10.83,1.24,41.55
-112.017792_40.658171,centroid_532,61.14,11.03,1.41,1.32,25.1
-112.019615_40.603192,centroid_533,57.3,12.63,1.9,1.91,26.27
-112.019787_40.646025,centroid_534,59.67,11.25,1.54,1.41,26.14
-112.020384_41.076257,centroid_535,67.46,9.27,0.23,1.49,21.56
-112.023359_40.527993,centroid_536,50.61,14.23,2.52,1.85,30.79
-112.023602_41.521734,centroid_537,39.27,15.87,0.14,2.14,42.59
-112.024698_41.495513,centroid_538,39.49,16.13,0.15,2.22,42.01
-112.028804_40.565908,centroid_539,54.23,13.87,2.32,2.0,27.6
-112.030471_41.18391,centroid_540,61.77,11.32,0.31,1.7,24.9
-112.030958_41.081032,centroid_541,68.46,9.18,0.27,1.46,20.63
-112.031147_41.466594,centroid_542,46.05,14.37,0.22,2.18,37.19
-112.031495_41.140322,centroid_543,64.65,9.94,0.23,1.6,23.58
-112.032504_40.501352,centroid_544,49.14,14.89,2.86,1.6,31.51
-112.032898_40.64508,centroid_545,60.28,12.04,1.51,1.64,24.54
-112.033318_41.169763,centroid_546,63.47,10.73,0.25,1.59,23.96
-112.033448_41.093148,centroid_547,67.64,9.16,0.25,1.41,21.55
-112.034503_41.118399,centroid_548,67.37,9.41,0.22,1.54,21.47
-112.034807_40.628157,centroid_549,59.14,12.16,1.57,2.02,25.12
-112.035582_40.667654,centroid_550,61.8,11.3,1.35,1.36,24.19
-112.036508_40.68917,centroid_551,63.26,10.76,1.33,1.34,23.31
-112.037258_40.678028,centroid_552,62.62,11.04,1.32,1.31,23.7
-112.037353_41.072467,centroid_553,69.79,8.66,0.24,1.35,19.97
-112.038548_40.634744,centroid_554,58.65,12.04,1.44,2.13,25.74
-112.041071_41.31379,centroid_555,50.96,12.85,0.19,2.4,33.59
-112.043027_41.190524,centroid_556,62.59,10.68,0.19,1.69,24.85
-112.043257_40.61559,centroid_557,56.9,13.16,1.61,2.45,25.87
-112.043544_40.48659,centroid_558,46.19,15.23,3.61,1.83,33.14
-112.044004_41.224744,centroid_559,58.6,11.25,0.22,1.67,28.26
-112.04462_41.157065,centroid_560,63.43,10.7,0.24,1.5,24.14
-112.04464_40.416998,centroid_561,38.66,17.52,6.6,1.36,35.86
-112.044962_40.600452,centroid_562,55.33,13.75,1.76,2.55,26.61
-112.045491_41.132929,centroid_563,66.92,9.56,0.2,1.45,21.87
-112.045816_40.708437,centroid_564,63.14,9.76,0.68,1.25,25.18
-112.046692_40.700374,centroid_565,63.9,10.3,0.82,1.41,23.59
-112.046806_41.146064,centroid_566,65.32,9.83,0.22,1.46,23.16
-112.049536_41.16899,centroid_567,63.37,10.28,0.26,1.56,24.53
-112.053406_40.688611,centroid_568,62.54,10.52,1.0,1.55,24.39
-112.054229_41.117017,centroid_569,70.63,8.48,0.2,1.26,19.43
-112.054838_41.096721,centroid_570,71.91,7.9,0.13,1.21,18.84
-112.056705_41.075043,centroid_571,72.36,7.83,0.23,1.21,18.37
-112.057071_41.297894,centroid_572,55.07,11.88,0.18,2.02,30.84
-112.059323_41.084175,centroid_573,72.88,7.68,0.16,1.14,18.14
-112.060049_41.169206,centroid_574,64.19,10.44,0.21,1.59,23.57
-112.061717_41.261283,centroid_575,59.53,10.75,0.13,1.75,27.83
-112.062091_40.612222,centroid_576,56.73,13.43,1.52,2.82,25.5
-112.063742_41.070749,centroid_577,73.46,7.63,0.15,1.16,17.61
-112.06381_40.509627,centroid_578,45.33,15.81,2.48,1.55,34.83
-112.066518_41.183627,centroid_579,65.42,10.16,0.16,1.52,22.73
-112.07398_41.145399,centroid_580,71.39,8.12,0.19,1.2,19.1
-112.074928_41.158589,centroid_581,70.22,8.46,0.14,1.22,19.96
-112.075156_41.169796,centroid_582,68.39,9.25,0.26,1.35,20.75
-112.076139_40.690921,centroid_583,62.79,10.36,0.63,1.81,24.42
-112.077923_40.708853,centroid_584,63.06,10.1,0.53,1.39,24.91
-112.078284_41.202736,centroid_585,64.24,10.22,0.18,1.44,23.92
-112.078782_41.110175,centroid_586,75.45,6.87,0.16,1.02,16.5
-112.078848_40.700035,centroid_587,64.01,10.31,0.56,1.69,23.43
-112.086272_41.136578,centroid_588,74.84,7.22,0.16,1.04,16.75
-112.092658_41.171545,centroid_589,71.89,7.97,0.12,1.13,18.89
-112.098484_40.696911,centroid_590,62.58,10.49,0.53,2.04,24.35
-112.101679_40.709435,centroid_591,63.01,10.12,0.39,1.66,24.82
-112.1043_41.103239,centroid_592,78.73,5.96,0.1,0.8,14.41
-112.107403_41.287287,centroid_593,66.67,9.36,0.11,1.36,22.5
-112.123063_41.734328,centroid_594,18.1,22.16,0.08,1.33,58.33
-112.124018_41.174112,centroid_595,80.07,5.62,0.07,0.8,13.45
-112.155021_41.709816,centroid_596,16.86,22.18,0.12,1.53,59.31
-112.167066_41.621077,centroid_597,23.05,20.23,0.09,1.59,55.04
-112.181054_41.710585,centroid_598,17.82,22.41,0.09,1.79,57.89
-112.267332_40.622361,centroid_599,63.08,9.79,0.27,1.38,25.48
-112.278959_40.546065,centroid_600,67.13,8.35,0.3,1.46,22.76
-112.28466_40.556315,centroid_601,69.13,8.09,0.25,1.35,21.18
-112.286172_40.536135,centroid_602,66.56,8.87,0.32,1.66,22.58
-112.286607_40.526169,centroid_603,65.28,9.42,0.28,1.75,23.27
-112.289386_40.545078,centroid_604,68.24,8.18,0.26,1.53,21.79
-112.303612_40.627414,centroid_605,68.0,8.66,0.14,1.41,21.79
-112.307294_40.523776,centroid_606,67.12,8.72,0.34,1.81,22.01
-112.307624_40.54359,centroid_607,69.22,8.07,0.28,1.64,20.78
-112.308397_40.639212,centroid_608,69.28,8.8,0.12,1.41,20.4
-112.320972_40.516891,centroid_609,68.07,8.04,0.27,1.61,22.01
-112.332731_40.572103,centroid_610,72.06,7.13,0.06,1.3,19.45
-112.371582_40.420927,centroid_611,64.6,7.59,0.22,1.68,25.9
-112.406054_40.607924,centroid_612,71.45,7.14,0.01,1.45,19.95
-112.425961_41.80798,centroid_613,14.99,28.61,0.07,1.2,55.13
-112.460734_40.594616,centroid_614,73.67,6.44,0.01,1.22,18.67
-112.500689_40.850611,centroid_615,60.93,12.55,0.02,0.85,25.65
-113.660482_40.562716,centroid_616,0.08,1.69,0.0,0.0,98.24
